Move 1795.87,557.4 1795.87,557.4
CubicBezier 1795.87,557.4 1795.87,557.4 1783.9399999999998,562.0699999999999 1773.1299999999999,512.41
CubicBezier 1773.1299999999999,512.41 1773.1299999999999,512.41 1814.8799999999999,517.41 1832.3999999999999,508.73999999999995
CubicBezier 1832.3999999999999,508.73999999999995 1832.3999999999999,508.73999999999995 1703.8,473.0799999999999 1702.6799999999998,404.74999999999994
CubicBezier 1702.6799999999998,404.74999999999994 1702.6799999999998,404.74999999999994 1716.84,412.41999999999996 1725.0499999999997,408.0799999999999
CubicBezier 1725.0499999999997,408.0799999999999 1725.0499999999997,408.0799999999999 1703.4299999999998,359.74999999999994 1692.6199999999997,305.75999999999993
CubicBezier 1692.6199999999997,305.75999999999993 1692.6199999999997,305.75999999999993 1689.6199999999997,299.0899999999999 1682.9199999999996,302.0899999999999
Line 1682.9199999999996,302.0899999999999 1683.2999999999997,484.06999999999994
CubicBezier 1683.2999999999997,484.06999999999994 1683.2999999999997,484.06999999999994 1677.7099999999998,507.3999999999999 1709.3899999999996,550.06
Line 1709.3899999999996,550.06 1705.2899999999997,505.4
CubicBezier 1705.2899999999997,505.4 1705.2899999999997,505.4 1716.0999999999997,548.39 1744.0599999999997,563.06
Line 1744.0599999999997,563.06 1735.1099999999997,511.06999999999994
CubicBezier 1735.1099999999997,511.06999999999994 1735.1099999999997,511.06999999999994 1756.3599999999997,524.0699999999999 1754.4899999999998,528.0699999999999
CubicBezier 1754.4899999999998,528.0699999999999 1752.6299999999999,532.0699999999999 1788.4099999999999,574.4 1795.87,559.0699999999999
