Move 1688.48,790.64 1688.48,790.64
CubicBezier 1688.48,790.64 1688.48,790.64 1705.39,807.28 1712.01,804.62
Line 1712.01,804.62 1712.01,773.66
CubicBezier 1712.01,773.66 1712.01,773.66 1731.49,820.93 1763.84,841.9
Line 1763.84,841.9 1763.84,805.62
CubicBezier 1763.84,805.62 1763.84,805.62 1799.5,876.19 1894.34,866.87
Line 1894.34,866.87 1864.56,833.25
CubicBezier 1864.56,833.25 1864.56,833.25 1884.04,840.24 1984.04,829.92
CubicBezier 1984.04,829.92 1984.04,829.92 1896.9099999999999,832.92 1836.26,789.98
CubicBezier 1836.26,789.98 1836.26,789.98 1866.4,795.97 1915.67,777.33
CubicBezier 1915.67,777.33 1915.67,777.33 1789.95,759.0200000000001 1759.8000000000002,678.1400000000001
Line 1759.8000000000002,678.1400000000001 1748.0400000000002,695.7800000000001
CubicBezier 1748.0400000000002,695.7800000000001 1748.0400000000002,695.7800000000001 1729.66,687.7900000000001 1712.7500000000002,648.5100000000001
Line 1712.7500000000002,648.5100000000001 1709.8100000000002,667.82
CubicBezier 1709.8100000000002,667.82 1709.8100000000002,667.82 1698.0500000000002,669.82 1688.4900000000002,657.1700000000001
Line 1688.4900000000002,657.1700000000001 1688.4900000000002,790.6500000000001
Close 1688.4900000000002,790.6500000000001 1688.48,790.64
