Move 1688.48,580.21 1688.48,580.21
CubicBezier 1688.48,580.21 1688.48,580.21 1697.6200000000001,591.19 1701.19,589.44
Line 1701.19,589.44 1701.19,569.0100000000001
CubicBezier 1701.19,569.0100000000001 1701.19,569.0100000000001 1711.72,600.2000000000002 1729.2,614.0400000000001
Line 1729.2,614.0400000000001 1729.2,590.1
CubicBezier 1729.2,590.1 1729.2,590.1 1748.47,636.6600000000001 1799.73,630.51
Line 1799.73,630.51 1783.64,608.33
CubicBezier 1783.64,608.33 1783.64,608.33 1794.17,612.94 1848.21,606.13
CubicBezier 1848.21,606.13 1848.21,606.13 1801.13,608.11 1768.3500000000001,579.77
CubicBezier 1768.3500000000001,579.77 1768.3500000000001,579.77 1784.64,583.72 1811.2600000000002,571.42
CubicBezier 1811.2600000000002,571.42 1811.2600000000002,571.42 1743.3200000000002,559.3399999999999 1727.0200000000002,505.96999999999997
Line 1727.0200000000002,505.96999999999997 1720.6600000000003,517.61
CubicBezier 1720.6600000000003,517.61 1720.6600000000003,517.61 1710.7300000000002,512.34 1701.5900000000004,486.42
Line 1701.5900000000004,486.42 1700.0000000000005,499.16
CubicBezier 1700.0000000000005,499.16 1700.0000000000005,499.16 1693.6400000000006,500.48 1688.4800000000005,492.13000000000005
Line 1688.4800000000005,492.13000000000005 1688.4800000000005,580.21
Close 1688.4800000000005,580.21 1688.48,580.21
