Move 1.05,292.05 1.05,292.05
CubicBezier 1.05,292.05 1.05,292.05 105.41,244.24 193.54000000000002,251.73000000000002
CubicBezier 193.54000000000002,251.73000000000002 281.6700000000001,259.22 315.65000000000003,249.43 532.23,313.94
CubicBezier 532.23,313.94 748.81,378.45 803.53,369.81 852.49,376.15
CubicBezier 852.49,376.15 852.49,376.15 918.15,392.28 973.45,409.55999999999995
CubicBezier 973.45,409.55999999999995 1028.75,426.8399999999999 1104.78,422.22999999999996 1116.3,430.29999999999995
CubicBezier 1116.3,430.29999999999995 1127.82,438.36999999999995 1156.62,435.47999999999996 1181.96,448.72999999999996
CubicBezier 1181.96,448.72999999999996 1181.96,448.72999999999996 461.38,436.05999999999995 289.1600000000001,505.17999999999995
CubicBezier 289.1600000000001,505.17999999999995 289.1600000000001,505.17999999999995 269.00000000000006,519.5799999999999 218.8900000000001,524.76
Line 218.8900000000001,524.76 1.05,524.76
Line 1.05,524.76 1.05,292.06
Close 1.05,292.06 1.05,292.05
