Move 1321.77,941.51 1321.77,941.51
CubicBezier 1321.77,941.51 1322.1,940.92 1322.67,940.5699999999999 1323.27,940.5699999999999
Line 1323.27,940.5699999999999 1382.98,940.5699999999999
CubicBezier 1382.98,940.5699999999999 1383.45,940.5699999999999 1383.91,940.79 1384.24,941.17
Line 1384.24,941.17 1384.49,941.4599999999999
CubicBezier 1384.49,941.4599999999999 1385.11,942.18 1385.2,943.3199999999999 1384.7,944.15
Line 1384.7,944.15 1384.7,944.15
CubicBezier 1384.7,944.15 1384.3600000000001,944.7099999999999 1383.81,945.05 1384.63,945.04
Line 1384.63,945.04 1324.63,944.8399999999999
CubicBezier 1324.63,944.8399999999999 1322.65,944.8399999999999 1322.1100000000001,944.5199999999999 1321.7800000000002,943.9799999999999
Line 1321.7800000000002,943.9799999999999 1321.7800000000002,943.9799999999999
CubicBezier 1321.7800000000002,943.9799999999999 1321.3400000000001,943.2799999999999 1321.3200000000002,942.3299999999999 1321.7300000000002,941.5999999999999
Line 1321.7300000000002,941.5999999999999 1321.7800000000002,941.5099999999999
Close 1321.7800000000002,941.5099999999999 1321.77,941.51
