Move 6.86,814.7 6.86,814.7
CubicBezier 6.86,814.7 15.73,819.63 33.2,825.5500000000001 59.19,817.75
CubicBezier 59.19,817.75 59.62,817.62 60.04,817.42 60.419999999999995,817.17
CubicBezier 60.419999999999995,817.17 64.94,814.1899999999999 96.38,794.52 117.66999999999999,809.5799999999999
CubicBezier 117.66999999999999,809.5799999999999 117.94999999999999,809.78 118.23999999999998,809.9499999999999 118.55999999999999,810.0699999999999
CubicBezier 118.55999999999999,810.0699999999999 123.82,812.2199999999999 156.07999999999998,822.7499999999999 174.54999999999998,806.06
CubicBezier 174.54999999999998,806.06 176.01999999999998,804.7399999999999 182.52999999999997,800.0899999999999 183.80999999999997,799.41
CubicBezier 183.80999999999997,799.41 192.28999999999996,794.9 215.85999999999996,783.6899999999999 223.32999999999998,802.67
CubicBezier 223.32999999999998,802.67 223.67999999999998,803.56 224.30999999999997,804.3199999999999 225.11999999999998,804.8299999999999
CubicBezier 225.11999999999998,804.8299999999999 233.01999999999998,809.8899999999999 274.30999999999995,834.77 301.90999999999997,821.52
CubicBezier 301.90999999999997,821.52 301.90999999999997,821.52 310.73999999999995,816.54 329.84999999999997,824.85
CubicBezier 329.84999999999997,824.85 330.61999999999995,825.1800000000001 331.45,825.32 332.28,825.21
CubicBezier 332.28,825.21 335.65999999999997,824.7800000000001 343.0,823.99 349.89,822.35
CubicBezier 349.89,822.35 351.14,822.0500000000001 356.08,822.4300000000001 357.26,822.9200000000001
CubicBezier 357.26,822.9200000000001 361.3,824.6 369.18,830.9000000000001 378.74,831.9300000000001
CubicBezier 378.74,831.9300000000001 380.27,832.1 381.78000000000003,831.5000000000001 382.79,830.33
CubicBezier 382.79,830.33 384.59000000000003,828.2700000000001 388.73,824.8000000000001 397.5,822.21
CubicBezier 397.5,822.21 399.32,821.6800000000001 401.27,822.2900000000001 402.46,823.76
CubicBezier 402.46,823.76 405.76,827.86 413.46,835.49 423.25,832.5
CubicBezier 423.25,832.5 424.08,832.25 424.97,832.23 425.81,832.47
CubicBezier 425.81,832.47 439.96,836.45 558.96,873.27 608.0699999999999,849.4
CubicBezier 608.0699999999999,849.4 608.7199999999999,849.0799999999999 611.2099999999999,847.67 611.76,847.3299999999999
CubicBezier 611.76,847.3299999999999 614.48,845.5899999999999 617.91,843.6099999999999 625.48,844.0699999999999
CubicBezier 625.48,844.0699999999999 626.5500000000001,844.14 629.26,844.68 630.03,845.42
CubicBezier 630.03,845.42 632.28,847.5699999999999 637.88,852.43 645.17,855.3499999999999
CubicBezier 645.17,855.3499999999999 646.3199999999999,855.81 647.63,855.79 648.75,855.2599999999999
CubicBezier 648.75,855.2599999999999 651.49,853.9699999999999 658.39,852.3599999999999 671.16,858.8999999999999
CubicBezier 671.16,858.8999999999999 672.11,859.3899999999999 673.2199999999999,859.5099999999999 674.26,859.2699999999999
CubicBezier 674.26,859.2699999999999 687.97,856.1099999999999 783.36,835.3199999999998 832.42,855.7199999999999
CubicBezier 832.42,855.7199999999999 832.5899999999999,855.79 832.77,855.8499999999999 832.9499999999999,855.8999999999999
CubicBezier 832.9499999999999,855.8999999999999 834.7599999999999,856.3799999999999 845.5799999999999,859.5299999999999 853.9,868.4999999999999
CubicBezier 853.9,868.4999999999999 854.5799999999999,869.2299999999999 855.4499999999999,869.7399999999999 856.42,869.9099999999999
CubicBezier 856.42,869.9099999999999 862.55,870.9799999999999 885.9599999999999,874.2199999999998 905.03,865.2199999999998
CubicBezier 905.03,865.2199999999998 905.3,865.0899999999998 905.55,864.9399999999998 905.79,864.7699999999998
CubicBezier 905.79,864.7699999999998 908.0999999999999,863.0999999999998 915.8199999999999,859.4399999999997 922.06,859.7599999999998
CubicBezier 922.06,859.7599999999998 941.8,860.7799999999997 936.42,870.3699999999998 954.3599999999999,870.3599999999998
CubicBezier 954.3599999999999,870.3599999999998 954.6399999999999,870.3599999999998 956.8499999999999,870.6499999999997 957.1299999999999,870.6999999999998
CubicBezier 957.1299999999999,870.6999999999998 961.5399999999998,871.5499999999998 995.6399999999999,879.3099999999998 1017.4499999999999,864.6699999999998
CubicBezier 1017.4499999999999,864.6699999999998 1017.8699999999999,864.3899999999999 1018.3399999999999,864.1699999999998 1018.8299999999999,864.0399999999998
CubicBezier 1018.8299999999999,864.0399999999998 1022.9399999999999,862.9399999999998 1042.22,858.7299999999999 1053.9499999999998,872.7799999999999
CubicBezier 1053.9499999999998,872.7799999999999 1054.5699999999997,873.5299999999999 1055.4399999999998,874.0299999999999 1056.3899999999999,874.2499999999999
CubicBezier 1056.3899999999999,874.2499999999999 1063.4699999999998,875.8799999999999 1092.54,881.5899999999999 1104.6,868.8599999999999
CubicBezier 1104.6,868.8599999999999 1117.03,855.7399999999999 1136.31,872.8399999999999 1139.98,876.3399999999999
CubicBezier 1139.98,876.3399999999999 1140.44,876.78 1140.98,877.1099999999999 1141.57,877.3299999999999
CubicBezier 1141.57,877.3299999999999 1145.9299999999998,878.93 1164.6599999999999,884.65 1192.6799999999998,876.9499999999999
CubicBezier 1192.6799999999998,876.9499999999999 1219.59,869.55 1242.2099999999998,881.7399999999999 1248.8899999999999,885.92
CubicBezier 1248.8899999999999,885.92 1250.1699999999998,886.7199999999999 1251.7599999999998,886.8499999999999 1253.1499999999999,886.27
CubicBezier 1253.1499999999999,886.27 1261.84,882.63 1293.4499999999998,870.62 1309.87,881.12
CubicBezier 1309.87,881.12 1328.82,893.25 1522.53,863.37 1544.3899999999999,898.37
CubicBezier 1544.3899999999999,898.37 1544.7199999999998,898.91 1544.9799999999998,899.49 1545.09,900.11
CubicBezier 1545.09,900.11 1545.4499999999998,902.12 1547.78,907.9 1562.6399999999999,899.49
CubicBezier 1562.6399999999999,899.49 1577.28,891.21 1596.6899999999998,899.75 1602.83,902.87
CubicBezier 1602.83,902.87 1603.8899999999999,903.41 1604.6399999999999,904.37 1605.01,905.5
CubicBezier 1605.01,905.5 1605.87,908.15 1609.75,912.4 1626.98,903.91
CubicBezier 1626.98,903.91 1647.09,894.01 1669.54,908.6 1674.84,912.41
CubicBezier 1674.84,912.41 1675.62,912.9699999999999 1676.55,913.28 1677.52,913.28
Line 1677.52,913.28 1705.26,913.28
CubicBezier 1705.26,913.28 1707.49,913.28 1709.42,911.6899999999999 1709.8,909.49
CubicBezier 1709.8,909.49 1710.49,905.58 1713.3899999999999,899.98 1724.26,899.49
CubicBezier 1724.26,899.49 1741.11,898.72 1778.64,913.28 1778.64,913.28
CubicBezier 1778.64,913.28 1778.64,913.28 1788.6000000000001,917.88 1795.49,905.62
CubicBezier 1795.49,905.62 1801.14,895.57 1848.11,905.68 1863.72,912.82
CubicBezier 1863.72,912.82 1865.84,913.7900000000001 1866.96,914.47 1869.64,913.9300000000001
CubicBezier 1869.64,913.9300000000001 1870.8200000000002,913.69 1869.98,913.9300000000001 1877.45,910.22
CubicBezier 1877.45,910.22 1893.66,902.1600000000001 1903.3500000000001,909.0 1906.96,912.78
CubicBezier 1906.96,912.78 1907.64,913.5 1909.26,915.3199999999999 1910.1200000000001,915.8199999999999
CubicBezier 1910.1200000000001,915.8199999999999 1913.63,917.8699999999999 1919.22,918.52 1923.4,917.55
CubicBezier 1923.4,917.55 1940.24,913.66 1936.71,1013.98 1936.48,1037.6299999999999
CubicBezier 1936.48,1037.6299999999999 1936.45,1040.1699999999998 1934.39,1042.1999999999998 1931.8600000000001,1042.1999999999998
Line 1931.8600000000001,1042.1999999999998 4.62,1042.1999999999998
CubicBezier 4.62,1042.1999999999998 2.0700000000000003,1042.1999999999998 0.0,1040.1299999999999 0.0,1037.58
Line 0.0,1037.58 0.0,818.7299999999999
CubicBezier 0.0,818.7299999999999 0.0,815.1999999999999 3.78,812.9699999999999 6.86,814.6899999999999
Close 6.86,814.6899999999999 6.86,814.7
