Move 522.06,440.01 522.06,440.01
CubicBezier 522.06,440.01 521.76,439.96999999999997 519.15,439.11 518.77,438.93
CubicBezier 518.77,438.93 518.79,438.84000000000003 518.81,438.75 518.8299999999999,438.66
CubicBezier 518.8299999999999,438.66 519.05,437.93 519.4899999999999,437.31 519.93,436.70000000000005
CubicBezier 519.93,436.70000000000005 520.3199999999999,436.15000000000003 520.7199999999999,435.61000000000007 521.13,435.08000000000004
CubicBezier 521.13,435.08000000000004 521.29,434.87000000000006 521.38,434.65000000000003 521.41,434.39000000000004
CubicBezier 521.41,434.39000000000004 521.4499999999999,433.99000000000007 521.4599999999999,433.58000000000004 521.49,433.18000000000006
CubicBezier 521.49,433.18000000000006 521.54,432.56000000000006 521.52,431.95000000000005 521.5,431.3400000000001
CubicBezier 521.5,431.3400000000001 521.48,430.5100000000001 521.34,429.7000000000001 521.16,428.8900000000001
CubicBezier 521.16,428.8900000000001 521.15,428.8400000000001 521.12,428.7900000000001 521.0899999999999,428.7000000000001
CubicBezier 521.0899999999999,428.7000000000001 520.9999999999999,428.7700000000001 520.92,428.8100000000001 520.8599999999999,428.8700000000001
CubicBezier 520.8599999999999,428.8700000000001 520.0299999999999,429.67000000000013 519.3,430.5500000000001 518.6199999999999,431.47000000000014
CubicBezier 518.6199999999999,431.47000000000014 518.56,431.5500000000001 518.5299999999999,431.64000000000016 518.4799999999999,431.73000000000013
CubicBezier 518.4799999999999,431.73000000000013 518.2799999999999,432.1300000000001 518.0899999999999,432.53000000000014 517.8599999999999,432.91000000000014
CubicBezier 517.8599999999999,432.91000000000014 517.7299999999999,433.14000000000016 517.55,433.34000000000015 517.3699999999999,433.54000000000013
CubicBezier 517.3699999999999,433.54000000000013 517.1699999999998,433.77000000000015 517.0399999999998,434.03000000000014 516.9299999999998,434.3000000000001
CubicBezier 516.9299999999998,434.3000000000001 516.6899999999998,434.91000000000014 516.4599999999998,435.53000000000014 516.2499999999999,436.15000000000015
CubicBezier 516.2499999999999,436.15000000000015 516.1999999999999,436.28000000000014 516.1899999999999,436.42000000000013 516.1999999999999,436.5600000000002
CubicBezier 516.1999999999999,436.5600000000002 516.2199999999999,436.9800000000002 516.2499999999999,437.39000000000016 516.28,437.8100000000002
CubicBezier 516.28,437.8100000000002 516.28,437.9200000000002 516.3,438.0300000000002 516.31,438.1700000000002
CubicBezier 516.31,438.1700000000002 516.2399999999999,438.1700000000002 516.1899999999999,438.1700000000002 516.14,438.1600000000002
CubicBezier 516.14,438.1600000000002 515.14,437.8500000000002 514.14,437.5300000000002 513.13,437.2200000000002
CubicBezier 513.13,437.2200000000002 513.03,437.1900000000002 512.93,437.1400000000002 512.81,437.0900000000002
CubicBezier 512.81,437.0900000000002 512.8599999999999,436.8300000000002 512.93,436.5900000000002 513.03,436.3600000000002
CubicBezier 513.03,436.3600000000002 513.22,435.9100000000002 513.4399999999999,435.4700000000002 513.62,435.0200000000002
CubicBezier 513.62,435.0200000000002 514.03,434.0000000000002 514.45,432.9700000000002 514.84,431.9400000000002
CubicBezier 514.84,431.9400000000002 515.44,430.37000000000023 515.9200000000001,428.7600000000002 516.38,427.1500000000002
CubicBezier 516.38,427.1500000000002 516.52,426.6500000000002 516.66,426.1500000000002 516.82,425.6600000000002
CubicBezier 516.82,425.6600000000002 516.8900000000001,425.4300000000002 516.9200000000001,425.2000000000002 516.9000000000001,424.9600000000002
CubicBezier 516.9000000000001,424.9600000000002 516.8800000000001,424.7500000000002 516.8700000000001,424.5400000000002 516.8400000000001,424.3300000000002
CubicBezier 516.8400000000001,424.3300000000002 516.8100000000002,424.1700000000002 516.7600000000001,424.0000000000002 516.7100000000002,423.8500000000002
CubicBezier 516.7100000000002,423.8500000000002 516.6600000000002,423.6800000000002 516.5500000000002,423.5800000000002 516.3700000000001,423.5200000000002
CubicBezier 516.3700000000001,423.5200000000002 516.0200000000001,423.4100000000002 515.6900000000002,423.2600000000002 515.3500000000001,423.1300000000002
CubicBezier 515.3500000000001,423.1300000000002 514.4000000000001,422.7800000000002 513.5000000000001,422.3300000000002 512.5900000000001,421.8900000000002
CubicBezier 512.5900000000001,421.8900000000002 511.6200000000001,421.4200000000002 510.66000000000014,420.9200000000002 509.72000000000014,420.4100000000002
CubicBezier 509.72000000000014,420.4100000000002 508.72000000000014,419.8700000000002 507.76000000000016,419.2700000000002 506.8700000000001,418.5600000000002
CubicBezier 506.8700000000001,418.5600000000002 506.3100000000001,418.1200000000002 505.8000000000001,417.6200000000002 505.35000000000014,417.0400000000002
CubicBezier 505.35000000000014,417.0400000000002 505.28000000000014,417.0800000000002 505.22000000000014,417.1000000000002 505.16000000000014,417.1400000000002
CubicBezier 505.16000000000014,417.1400000000002 503.67000000000013,418.2600000000002 502.20000000000016,419.4000000000002 500.79000000000013,420.61000000000024
CubicBezier 500.79000000000013,420.61000000000024 500.20000000000016,421.12000000000023 499.66000000000014,421.6900000000002 499.26000000000016,422.3800000000002
CubicBezier 499.26000000000016,422.3800000000002 498.90000000000015,423.0000000000002 498.6200000000002,423.6600000000002 498.40000000000015,424.3300000000002
CubicBezier 498.40000000000015,424.3300000000002 498.3100000000002,424.6100000000002 498.3000000000001,424.9100000000002 498.2400000000001,425.2000000000002
CubicBezier 498.2400000000001,425.2000000000002 498.0800000000001,426.0300000000002 498.0100000000001,426.86000000000024 498.0500000000001,427.7000000000002
CubicBezier 498.0500000000001,427.7000000000002 498.10000000000014,428.8300000000002 498.15000000000015,429.9600000000002 498.2600000000001,431.0900000000002
CubicBezier 498.2600000000001,431.0900000000002 498.2800000000001,431.3200000000002 498.3400000000001,431.5200000000002 498.4500000000001,431.7200000000002
CubicBezier 498.4500000000001,431.7200000000002 498.67000000000013,432.1200000000002 498.8900000000001,432.5300000000002 499.0900000000001,432.9200000000002
CubicBezier 499.0900000000001,432.9200000000002 499.05000000000007,433.0200000000002 498.99000000000007,433.00000000000017 498.9400000000001,432.9900000000002
CubicBezier 498.9400000000001,432.9900000000002 498.1800000000001,432.8000000000002 497.42000000000013,432.6100000000002 496.66000000000014,432.4100000000002
CubicBezier 496.66000000000014,432.4100000000002 496.42000000000013,432.3500000000002 496.1800000000001,432.2800000000002 495.96000000000015,432.2300000000002
CubicBezier 495.96000000000015,432.2300000000002 496.0500000000001,431.1400000000002 496.14000000000016,430.0800000000002 496.23000000000013,429.0200000000002
CubicBezier 496.23000000000013,429.0200000000002 496.27000000000015,428.5200000000002 496.2600000000001,428.0200000000002 496.1200000000001,427.5200000000002
CubicBezier 496.1200000000001,427.5200000000002 496.0600000000001,427.31000000000023 496.03000000000014,427.0800000000002 496.0100000000001,426.8600000000002
CubicBezier 496.0100000000001,426.8600000000002 495.9400000000001,426.2200000000002 495.7900000000001,425.5900000000002 495.5700000000001,424.9800000000002
CubicBezier 495.5700000000001,424.9800000000002 495.4700000000001,424.7000000000002 495.3800000000001,424.4200000000002 495.3000000000001,424.1400000000002
CubicBezier 495.3000000000001,424.1400000000002 495.1300000000001,423.5400000000002 495.1100000000001,422.9200000000002 495.2600000000001,422.31000000000023
CubicBezier 495.2600000000001,422.31000000000023 495.3200000000001,422.0700000000002 495.4100000000001,421.8300000000002 495.5000000000001,421.5900000000002
CubicBezier 495.5000000000001,421.5900000000002 495.5700000000001,421.4100000000002 495.7000000000001,421.2900000000002 495.8600000000001,421.2000000000002
CubicBezier 495.8600000000001,421.2000000000002 495.96000000000015,421.1400000000002 496.0600000000001,421.1000000000002 496.16000000000014,421.05000000000024
CubicBezier 496.16000000000014,421.05000000000024 496.5600000000001,420.85000000000025 496.8000000000001,420.53000000000026 496.91000000000014,420.0700000000002
CubicBezier 496.91000000000014,420.0700000000002 496.59000000000015,419.99000000000024 496.29000000000013,419.99000000000024 496.01000000000016,420.12000000000023
CubicBezier 496.01000000000016,420.12000000000023 495.3600000000002,420.41000000000025 494.71000000000015,420.7100000000002 494.07000000000016,421.0200000000002
CubicBezier 494.07000000000016,421.0200000000002 493.28000000000014,421.4000000000002 492.6700000000002,421.9800000000002 492.21000000000015,422.7300000000002
CubicBezier 492.21000000000015,422.7300000000002 491.73000000000013,423.5200000000002 491.3100000000002,424.3400000000002 490.9300000000002,425.1800000000002
CubicBezier 490.9300000000002,425.1800000000002 490.4300000000002,426.27000000000015 489.9100000000002,427.3600000000002 489.39000000000016,428.45000000000016
CubicBezier 489.39000000000016,428.45000000000016 489.29000000000013,428.6700000000002 489.22000000000014,428.88000000000017 489.20000000000016,429.13000000000017
CubicBezier 489.20000000000016,429.13000000000017 489.1700000000002,429.53000000000014 489.1100000000002,429.9300000000002 489.1200000000002,430.34000000000015
CubicBezier 489.1200000000002,430.34000000000015 489.1200000000002,430.38000000000017 489.1000000000002,430.42000000000013 489.08000000000015,430.46000000000015
CubicBezier 489.08000000000015,430.46000000000015 489.04000000000013,430.46000000000015 488.9900000000002,430.48000000000013 488.96000000000015,430.46000000000015
CubicBezier 488.96000000000015,430.46000000000015 488.33000000000015,430.28000000000014 487.69000000000017,430.1100000000001 487.0600000000002,429.9300000000002
CubicBezier 487.0600000000002,429.9300000000002 487.00000000000017,429.9100000000002 486.94000000000017,429.88000000000017 486.84000000000015,429.8400000000002
CubicBezier 486.84000000000015,429.8400000000002 486.92000000000013,429.6700000000002 487.00000000000017,429.5300000000002 487.07000000000016,429.3800000000002
CubicBezier 487.07000000000016,429.3800000000002 487.1700000000002,429.18000000000023 487.28000000000014,428.98000000000025 487.3600000000002,428.7800000000002
CubicBezier 487.3600000000002,428.7800000000002 487.63000000000017,428.0400000000002 488.0200000000002,427.3600000000002 488.3600000000002,426.6500000000002
CubicBezier 488.3600000000002,426.6500000000002 488.7800000000002,425.81000000000023 489.1000000000002,424.9300000000002 489.38000000000017,424.0300000000002
CubicBezier 489.38000000000017,424.0300000000002 489.7300000000002,422.9200000000002 490.0500000000002,421.8100000000002 490.38000000000017,420.6900000000002
CubicBezier 490.38000000000017,420.6900000000002 490.4900000000002,420.3300000000002 490.6000000000002,419.9700000000002 490.71000000000015,419.61000000000024
CubicBezier 490.71000000000015,419.61000000000024 490.83000000000015,419.24000000000024 491.09000000000015,418.99000000000024 491.4300000000002,418.83000000000027
CubicBezier 491.4300000000002,418.83000000000027 492.00000000000017,418.5600000000003 492.5600000000002,418.28000000000026 493.1600000000002,418.09000000000026
CubicBezier 493.1600000000002,418.09000000000026 494.1700000000002,417.7600000000003 495.0400000000002,417.17000000000024 495.8900000000002,416.55000000000024
CubicBezier 495.8900000000002,416.55000000000024 496.1700000000002,416.34000000000026 496.4000000000002,416.0700000000002 496.5800000000002,415.77000000000027
CubicBezier 496.5800000000002,415.77000000000027 497.0300000000002,414.98000000000025 497.4100000000002,414.15000000000026 497.5700000000002,413.2400000000003
CubicBezier 497.5700000000002,413.2400000000003 497.7600000000002,412.1900000000003 497.80000000000024,411.1300000000003 497.7100000000002,410.0600000000003
CubicBezier 497.7100000000002,410.0600000000003 497.68000000000023,409.6700000000003 497.5800000000002,409.2900000000003 497.4700000000002,408.9100000000003
CubicBezier 497.4700000000002,408.9100000000003 497.2900000000002,408.2900000000003 497.1500000000002,407.6600000000003 497.0400000000002,407.0300000000003
CubicBezier 497.0400000000002,407.0300000000003 496.9200000000002,406.3500000000003 496.9600000000002,405.69000000000034 497.2100000000002,405.0500000000003
CubicBezier 497.2100000000002,405.0500000000003 497.2300000000002,405.0000000000003 497.2400000000002,404.9400000000003 497.2500000000002,404.9000000000003
CubicBezier 497.2500000000002,404.9000000000003 497.1900000000002,404.7800000000003 497.10000000000025,404.81000000000034 497.0200000000002,404.8300000000003
CubicBezier 497.0200000000002,404.8300000000003 496.5400000000002,404.9200000000003 496.06000000000023,405.0200000000003 495.5800000000002,405.1100000000003
CubicBezier 495.5800000000002,405.1100000000003 495.4000000000002,405.1500000000003 495.2300000000002,405.1900000000003 495.0700000000002,405.2200000000003
CubicBezier 495.0700000000002,405.2200000000003 494.9700000000002,405.13000000000034 495.0200000000002,405.0500000000003 495.04000000000025,404.9700000000003
CubicBezier 495.04000000000025,404.9700000000003 495.14000000000027,404.6500000000003 495.29000000000025,404.3500000000003 495.46000000000026,404.0600000000003
CubicBezier 495.46000000000026,404.0600000000003 495.98000000000025,403.1900000000003 496.65000000000026,402.4800000000003 497.54000000000025,401.9700000000003
CubicBezier 497.54000000000025,401.9700000000003 498.90000000000026,401.19000000000034 500.34000000000026,400.6200000000003 501.87000000000023,400.2800000000003
CubicBezier 501.87000000000023,400.2800000000003 502.16000000000025,400.2200000000003 502.4400000000002,400.1500000000003 502.73000000000025,400.0900000000003
CubicBezier 502.73000000000025,400.0900000000003 504.62000000000023,399.6500000000003 506.53000000000026,399.6000000000003 508.4500000000003,399.8400000000003
CubicBezier 508.4500000000003,399.8400000000003 509.3700000000003,399.95000000000033 510.28000000000026,400.1200000000003 511.1700000000003,400.3400000000003
CubicBezier 511.1700000000003,400.3400000000003 512.0800000000003,400.57000000000033 512.9700000000003,400.8500000000003 513.8300000000003,401.25000000000034
CubicBezier 513.8300000000003,401.25000000000034 514.6200000000002,401.61000000000035 515.3600000000002,402.06000000000034 516.0800000000003,402.55000000000035
CubicBezier 516.0800000000003,402.55000000000035 516.7100000000003,402.97000000000037 517.3600000000002,403.35000000000036 518.0500000000003,403.66000000000037
CubicBezier 518.0500000000003,403.66000000000037 519.2300000000002,404.19000000000034 520.4300000000003,404.6400000000004 521.6400000000003,405.0800000000004
CubicBezier 521.6400000000003,405.0800000000004 521.8200000000003,405.1500000000004 522.0200000000003,405.1900000000004 522.2100000000004,405.2100000000004
CubicBezier 522.2100000000004,405.2100000000004 523.1700000000004,405.3200000000004 524.1300000000003,405.41000000000037 525.0900000000004,405.5100000000004
CubicBezier 525.0900000000004,405.5100000000004 526.4800000000004,405.66000000000037 527.8700000000003,405.8700000000004 529.2300000000004,406.2000000000004
CubicBezier 529.2300000000004,406.2000000000004 530.0000000000003,406.3900000000004 530.7700000000003,406.6100000000004 531.5300000000003,406.8700000000004
CubicBezier 531.5300000000003,406.8700000000004 532.6000000000004,407.2300000000004 533.5900000000003,407.7400000000004 534.5300000000003,408.3600000000004
CubicBezier 534.5300000000003,408.3600000000004 535.0100000000003,408.6800000000004 535.5300000000003,408.9200000000004 536.0600000000003,409.1300000000004
CubicBezier 536.0600000000003,409.1300000000004 537.2100000000003,409.5700000000004 538.3800000000003,409.9500000000004 539.5700000000003,410.28000000000037
CubicBezier 539.5700000000003,410.28000000000037 539.7700000000003,410.3400000000004 539.9600000000003,410.3900000000004 540.1800000000003,410.4600000000004
CubicBezier 540.1800000000003,410.4600000000004 540.1300000000003,410.3100000000004 540.0100000000003,410.28000000000037 539.9200000000003,410.22000000000037
CubicBezier 539.9200000000003,410.22000000000037 539.2800000000003,409.81000000000034 538.6900000000003,409.3400000000004 538.1900000000003,408.7700000000004
CubicBezier 538.1900000000003,408.7700000000004 537.6300000000003,408.1300000000004 537.3100000000003,407.3800000000004 537.2200000000003,406.53000000000037
CubicBezier 537.2200000000003,406.53000000000037 537.1700000000003,406.03000000000037 537.2300000000002,405.55000000000035 537.4300000000003,405.11000000000035
CubicBezier 537.4300000000003,405.11000000000035 537.3600000000002,404.94000000000034 537.2100000000003,404.9000000000004 537.0900000000003,404.86000000000035
CubicBezier 537.0900000000003,404.86000000000035 536.7000000000003,404.74000000000035 536.3100000000003,404.6400000000003 535.9200000000003,404.53000000000037
CubicBezier 535.9200000000003,404.53000000000037 535.6500000000003,404.4500000000004 535.3700000000003,404.4000000000004 535.1200000000003,404.29000000000036
CubicBezier 535.1200000000003,404.29000000000036 534.6300000000003,404.0800000000004 534.1600000000003,403.8400000000004 533.6900000000004,403.5900000000004
CubicBezier 533.6900000000004,403.5900000000004 533.3600000000004,403.41000000000037 533.0600000000004,403.18000000000035 532.8200000000004,402.8800000000004
CubicBezier 532.8200000000004,402.8800000000004 532.6700000000004,402.6900000000004 532.5500000000004,402.4900000000004 532.5900000000004,402.2300000000004
CubicBezier 532.5900000000004,402.2300000000004 532.6200000000003,402.0100000000004 532.7400000000004,401.9300000000004 532.9400000000004,402.0400000000004
CubicBezier 532.9400000000004,402.0400000000004 533.2500000000003,402.21000000000043 533.5400000000004,402.40000000000043 533.8500000000004,402.5500000000004
CubicBezier 533.8500000000004,402.5500000000004 534.1500000000003,402.7000000000004 534.4600000000004,402.84000000000043 534.7700000000003,402.9500000000004
CubicBezier 534.7700000000003,402.9500000000004 535.0600000000003,403.0600000000004 535.1800000000003,402.9900000000004 535.3000000000003,402.7100000000004
CubicBezier 535.3000000000003,402.7100000000004 535.4500000000003,402.3400000000004 535.5000000000003,401.97000000000037 535.3700000000003,401.5700000000004
CubicBezier 535.3700000000003,401.5700000000004 535.0500000000003,400.5400000000004 534.6700000000003,399.53000000000037 534.2100000000004,398.5500000000004
CubicBezier 534.2100000000004,398.5500000000004 533.7200000000004,397.5100000000004 533.2200000000004,396.4800000000004 532.7100000000004,395.4500000000004
CubicBezier 532.7100000000004,395.4500000000004 532.1400000000003,394.3100000000004 531.4700000000004,393.22000000000037 530.7900000000004,392.1400000000004
CubicBezier 530.7900000000004,392.1400000000004 530.5800000000004,391.8100000000004 530.3800000000005,391.47000000000037 530.1900000000004,391.1300000000004
CubicBezier 530.1900000000004,391.1300000000004 529.5600000000004,390.0500000000004 529.3600000000004,388.8800000000004 529.5000000000003,387.6500000000004
CubicBezier 529.5000000000003,387.6500000000004 529.5500000000003,387.1900000000004 529.6300000000003,386.73000000000036 529.7900000000003,386.30000000000035
CubicBezier 529.7900000000003,386.30000000000035 529.8400000000003,386.17000000000036 529.8900000000003,386.04000000000036 529.9700000000003,385.92000000000036
CubicBezier 529.9700000000003,385.92000000000036 530.0600000000003,385.7700000000004 530.2500000000002,385.7700000000004 530.3600000000002,385.9000000000004
CubicBezier 530.3600000000002,385.9000000000004 530.4100000000002,385.9600000000004 530.4600000000003,386.04000000000036 530.4900000000002,386.1200000000004
CubicBezier 530.4900000000002,386.1200000000004 530.6300000000002,386.4700000000004 530.7700000000002,386.8200000000004 530.9000000000002,387.1800000000004
CubicBezier 530.9000000000002,387.1800000000004 531.0300000000002,387.5300000000004 531.1300000000002,387.90000000000043 531.2800000000002,388.2500000000004
CubicBezier 531.2800000000002,388.2500000000004 531.3900000000002,388.5200000000004 531.5300000000002,388.78000000000037 531.6700000000002,389.0400000000004
CubicBezier 531.6700000000002,389.0400000000004 531.7400000000002,389.1600000000004 531.8200000000002,389.2800000000004 531.9100000000002,389.3800000000004
CubicBezier 531.9100000000002,389.3800000000004 532.2500000000002,389.78000000000037 532.6700000000002,389.8500000000004 533.1100000000002,389.5900000000004
CubicBezier 533.1100000000002,389.5900000000004 533.1900000000003,389.55000000000035 533.2500000000002,389.4500000000004 533.2800000000002,389.36000000000035
CubicBezier 533.2800000000002,389.36000000000035 533.4000000000002,389.0200000000004 533.5100000000002,388.67000000000036 533.6000000000003,388.32000000000033
CubicBezier 533.6000000000003,388.32000000000033 533.8100000000003,387.48000000000036 533.9000000000002,386.61000000000035 534.0100000000002,385.75000000000034
CubicBezier 534.0100000000002,385.75000000000034 534.1500000000002,384.68000000000035 534.4700000000003,383.67000000000036 535.0600000000002,382.7700000000003
CubicBezier 535.0600000000002,382.7700000000003 535.1700000000002,382.6000000000003 535.3100000000002,382.44000000000034 535.4500000000002,382.2800000000003
CubicBezier 535.4500000000002,382.2800000000003 535.5200000000002,382.20000000000033 535.6100000000001,382.1100000000003 535.7400000000001,382.1500000000003
CubicBezier 535.7400000000001,382.1500000000003 535.8900000000001,382.20000000000033 535.9000000000001,382.3300000000003 535.9000000000001,382.4600000000003
CubicBezier 535.9000000000001,382.4600000000003 535.9000000000001,382.6400000000003 535.8800000000001,382.82000000000033 535.8700000000001,383.00000000000034
CubicBezier 535.8700000000001,383.00000000000034 535.8500000000001,383.29000000000036 535.8200000000002,383.5800000000003 535.8000000000001,383.88000000000034
CubicBezier 535.8000000000001,383.88000000000034 535.8000000000001,383.99000000000035 535.8000000000001,384.10000000000036 535.83,384.2100000000003
CubicBezier 535.83,384.2100000000003 535.87,384.37000000000035 535.99,384.45000000000033 536.14,384.4100000000003
CubicBezier 536.14,384.4100000000003 536.3199999999999,384.3700000000003 536.48,384.2900000000003 536.61,384.1500000000003
CubicBezier 536.61,384.1500000000003 536.79,383.95000000000033 536.98,383.7700000000003 537.15,383.56000000000034
CubicBezier 537.15,383.56000000000034 537.59,383.03000000000037 538.11,382.5800000000003 538.61,382.11000000000035
CubicBezier 538.61,382.11000000000035 538.69,382.04000000000036 538.79,381.98000000000036 538.89,381.94000000000034
CubicBezier 538.89,381.94000000000034 538.99,381.9000000000003 539.1,382.01000000000033 539.06,382.10000000000036
CubicBezier 539.06,382.10000000000036 539.0,382.25000000000034 538.9399999999999,382.41000000000037 538.8399999999999,382.55000000000035
CubicBezier 538.8399999999999,382.55000000000035 538.56,382.94000000000034 538.2599999999999,383.30000000000035 537.9799999999999,383.69000000000034
CubicBezier 537.9799999999999,383.69000000000034 537.42,384.4600000000003 536.8499999999999,385.2200000000003 536.31,386.00000000000034
CubicBezier 536.31,386.00000000000034 535.67,386.91000000000037 535.2199999999999,387.91000000000037 534.88,388.98000000000036
CubicBezier 534.88,388.98000000000036 534.72,389.48000000000036 534.63,389.98000000000036 534.6,390.50000000000034
CubicBezier 534.6,390.50000000000034 534.53,391.55000000000035 534.5600000000001,392.60000000000036 534.6800000000001,393.6400000000003
CubicBezier 534.6800000000001,393.6400000000003 534.83,394.9200000000003 535.0400000000001,396.19000000000034 535.3700000000001,397.44000000000034
CubicBezier 535.3700000000001,397.44000000000034 535.6300000000001,398.43000000000035 535.9600000000002,399.4000000000003 536.4400000000002,400.31000000000034
CubicBezier 536.4400000000002,400.31000000000034 537.0700000000002,401.49000000000035 537.8900000000002,402.54000000000036 538.7900000000002,403.5200000000003
CubicBezier 538.7900000000002,403.5200000000003 539.2700000000002,404.0400000000003 539.8100000000002,404.4600000000003 540.4000000000002,404.8600000000003
CubicBezier 540.4000000000002,404.8600000000003 541.3300000000002,405.4800000000003 542.2400000000002,406.14000000000027 543.1500000000002,406.7800000000003
CubicBezier 543.1500000000002,406.7800000000003 543.5800000000002,407.0900000000003 544.0100000000002,407.4100000000003 544.4500000000002,407.7100000000003
CubicBezier 544.4500000000002,407.7100000000003 544.6600000000002,407.8500000000003 544.8800000000001,407.9700000000003 545.1100000000001,408.07000000000033
CubicBezier 545.1100000000001,408.07000000000033 545.6400000000001,408.2800000000003 546.1900000000002,408.4700000000003 546.7300000000001,408.6600000000003
CubicBezier 546.7300000000001,408.6600000000003 546.7900000000001,408.6800000000003 546.8600000000001,408.6800000000003 546.9500000000002,408.70000000000033
CubicBezier 546.9500000000002,408.70000000000033 547.1000000000001,408.0800000000003 547.0000000000001,407.55000000000035 546.5700000000002,407.1000000000003
CubicBezier 546.5700000000002,407.1000000000003 546.1000000000001,406.6100000000003 545.5700000000002,406.2100000000003 544.9600000000002,405.9100000000003
CubicBezier 544.9600000000002,405.9100000000003 544.7700000000001,405.82000000000033 544.5800000000002,405.7500000000003 544.3600000000001,405.7200000000003
CubicBezier 544.3600000000001,405.7200000000003 543.5600000000002,405.6200000000003 542.8600000000001,405.2900000000003 542.2400000000001,404.7700000000003
CubicBezier 542.2400000000001,404.7700000000003 541.8200000000002,404.4100000000003 541.5000000000001,403.9700000000003 541.2900000000001,403.4600000000003
CubicBezier 541.2900000000001,403.4600000000003 541.2,403.2400000000003 541.1400000000001,403.01000000000033 541.1500000000001,402.76000000000033
CubicBezier 541.1500000000001,402.76000000000033 541.1500000000001,402.6000000000003 541.1800000000001,402.4600000000003 541.3000000000001,402.3500000000003
CubicBezier 541.3000000000001,402.3500000000003 541.4100000000001,402.3300000000003 541.44,402.4000000000003 541.47,402.4600000000003
CubicBezier 541.47,402.4600000000003 541.6600000000001,402.76000000000033 541.83,403.06000000000034 542.03,403.3400000000003
CubicBezier 542.03,403.3400000000003 542.38,403.8300000000003 542.8399999999999,404.19000000000034 543.37,404.4600000000003
CubicBezier 543.37,404.4600000000003 543.64,404.6000000000003 543.93,404.7100000000003 544.25,404.7400000000003
CubicBezier 544.25,404.7400000000003 544.69,404.7800000000003 545.14,404.8200000000003 545.62,404.8600000000003
CubicBezier 545.62,404.8600000000003 545.58,404.7600000000003 545.57,404.7000000000003 545.54,404.64000000000027
CubicBezier 545.54,404.64000000000027 545.43,404.41000000000025 545.3,404.1900000000003 545.1999999999999,403.97000000000025
CubicBezier 545.1999999999999,403.97000000000025 544.78,403.0700000000003 544.17,402.31000000000023 543.5099999999999,401.58000000000027
CubicBezier 543.5099999999999,401.58000000000027 543.3699999999999,401.4300000000003 543.2299999999999,401.27000000000027 543.0799999999999,401.1200000000003
CubicBezier 543.0799999999999,401.1200000000003 542.9699999999999,401.0100000000003 542.8499999999999,400.9100000000003 542.7199999999999,400.83000000000027
CubicBezier 542.7199999999999,400.83000000000027 542.0099999999999,400.39000000000027 541.54,399.77000000000027 541.3199999999999,398.96000000000026
CubicBezier 541.3199999999999,398.96000000000026 541.2199999999999,398.60000000000025 541.14,398.23000000000025 541.05,397.86000000000024
CubicBezier 541.05,397.86000000000024 540.99,397.6300000000002 540.9399999999999,397.40000000000026 540.88,397.17000000000024
CubicBezier 540.88,397.17000000000024 540.81,396.90000000000026 540.64,396.7000000000002 540.37,396.60000000000025
CubicBezier 540.37,396.60000000000025 540.17,396.53000000000026 539.97,396.46000000000026 539.77,396.41000000000025
CubicBezier 539.77,396.41000000000025 539.34,396.29000000000025 538.9,396.16000000000025 538.53,395.90000000000026
CubicBezier 538.53,395.90000000000026 537.47,395.14000000000027 536.8399999999999,394.1300000000003 536.75,392.8100000000003
CubicBezier 536.75,392.8100000000003 536.73,392.4700000000003 536.84,392.15000000000026 536.92,391.8200000000003
CubicBezier 536.92,391.8200000000003 536.93,391.7600000000003 536.99,391.7000000000003 537.04,391.66000000000025
CubicBezier 537.04,391.66000000000025 537.0999999999999,391.61000000000024 537.1899999999999,391.62000000000023 537.2199999999999,391.68000000000023
CubicBezier 537.2199999999999,391.68000000000023 537.2699999999999,391.7600000000002 537.31,391.85000000000025 537.3299999999999,391.9500000000002
CubicBezier 537.3299999999999,391.9500000000002 537.3699999999999,392.1600000000002 537.3899999999999,392.37000000000023 537.43,392.5700000000002
CubicBezier 537.43,392.5700000000002 537.4799999999999,392.8200000000002 537.53,393.0700000000002 537.5999999999999,393.30000000000024
CubicBezier 537.5999999999999,393.30000000000024 537.7099999999999,393.67000000000024 537.9499999999999,393.92000000000024 538.3299999999999,394.05000000000024
CubicBezier 538.3299999999999,394.05000000000024 538.8799999999999,394.24000000000024 539.4399999999999,394.3300000000002 540.02,394.37000000000023
CubicBezier 540.02,394.37000000000023 540.29,394.05000000000024 540.41,393.7000000000002 540.37,393.29000000000025
CubicBezier 540.37,393.29000000000025 540.32,392.78000000000026 540.15,392.31000000000023 539.93,391.85000000000025
CubicBezier 539.93,391.85000000000025 539.77,391.5100000000003 539.5899999999999,391.17000000000024 539.43,390.83000000000027
CubicBezier 539.43,390.83000000000027 539.3599999999999,390.6800000000003 539.3,390.52000000000027 539.25,390.36000000000024
CubicBezier 539.25,390.36000000000024 539.23,390.30000000000024 539.23,390.22000000000025 539.23,390.15000000000026
CubicBezier 539.23,390.15000000000026 539.23,390.0100000000003 539.39,389.93000000000023 539.51,390.0100000000003
CubicBezier 539.51,390.0100000000003 539.61,390.08000000000027 539.71,390.16000000000025 539.8,390.2500000000003
CubicBezier 539.8,390.2500000000003 539.99,390.4700000000003 540.18,390.7000000000003 540.3499999999999,390.9400000000003
CubicBezier 540.3499999999999,390.9400000000003 540.4999999999999,391.15000000000026 540.6999999999999,391.3000000000003 540.92,391.4300000000003
CubicBezier 540.92,391.4300000000003 541.05,391.5000000000003 541.18,391.5300000000003 541.3299999999999,391.4300000000003
CubicBezier 541.3299999999999,391.4300000000003 541.5099999999999,390.5600000000003 541.6199999999999,389.6800000000003 541.54,388.7800000000003
CubicBezier 541.54,388.7800000000003 541.49,388.2200000000003 541.4399999999999,387.6700000000003 541.4,387.1100000000003
CubicBezier 541.4,387.1100000000003 541.39,386.9200000000003 541.38,386.7200000000003 541.4,386.5200000000003
CubicBezier 541.4,386.5200000000003 541.41,386.3600000000003 541.43,386.19000000000034 541.5799999999999,386.0400000000003
CubicBezier 541.5799999999999,386.0400000000003 541.6299999999999,386.1000000000003 541.6899999999999,386.1400000000003 541.7099999999999,386.20000000000033
CubicBezier 541.7099999999999,386.20000000000033 541.8899999999999,386.57000000000033 541.9899999999999,386.9600000000003 542.0799999999999,387.36000000000035
CubicBezier 542.0799999999999,387.36000000000035 542.1399999999999,387.60000000000036 542.2399999999999,387.81000000000034 542.4,387.99000000000035
CubicBezier 542.4,387.99000000000035 542.63,388.25000000000034 542.88,388.32000000000033 543.1899999999999,388.17000000000036
CubicBezier 543.1899999999999,388.17000000000036 543.39,388.0800000000004 543.5899999999999,387.9600000000004 543.7499999999999,387.80000000000035
CubicBezier 543.7499999999999,387.80000000000035 544.1999999999999,387.35000000000036 544.6299999999999,386.87000000000035 545.0699999999999,386.4000000000004
CubicBezier 545.0699999999999,386.4000000000004 545.1899999999999,386.2700000000004 545.31,386.1300000000004 545.4499999999999,386.0100000000004
CubicBezier 545.4499999999999,386.0100000000004 545.6099999999999,385.8600000000004 545.81,385.8200000000004 546.06,385.8800000000004
CubicBezier 546.06,385.8800000000004 546.04,385.97000000000037 546.03,386.0500000000004 546.0,386.1200000000004
CubicBezier 546.0,386.1200000000004 545.84,386.4600000000004 545.69,386.8100000000004 545.51,387.1400000000004
CubicBezier 545.51,387.1400000000004 544.87,388.29000000000036 544.23,389.4400000000004 543.58,390.5800000000004
CubicBezier 543.58,390.5800000000004 543.2,391.2500000000004 542.83,391.92000000000036 542.58,392.66000000000037
CubicBezier 542.58,392.66000000000037 542.4100000000001,393.1500000000004 542.2900000000001,393.6500000000004 542.24,394.17000000000036
CubicBezier 542.24,394.17000000000036 542.21,394.49000000000035 542.17,394.81000000000034 542.16,395.13000000000034
CubicBezier 542.16,395.13000000000034 542.16,395.2800000000003 542.16,395.44000000000034 542.1999999999999,395.5900000000003
CubicBezier 542.1999999999999,395.5900000000003 542.41,396.4600000000003 542.6999999999999,397.31000000000034 543.05,398.1400000000003
CubicBezier 543.05,398.1400000000003 543.0799999999999,398.2200000000003 543.1099999999999,398.30000000000035 543.16,398.36000000000035
CubicBezier 543.16,398.36000000000035 543.5,398.75000000000034 543.85,399.13000000000034 544.1999999999999,399.51000000000033
CubicBezier 544.1999999999999,399.51000000000033 544.2299999999999,399.55000000000035 544.29,399.56000000000034 544.3599999999999,399.6000000000003
CubicBezier 544.3599999999999,399.6000000000003 544.4699999999999,399.4000000000003 544.5199999999999,399.2100000000003 544.4599999999999,399.0000000000003
CubicBezier 544.4599999999999,399.0000000000003 544.3699999999999,398.6800000000003 544.29,398.3500000000003 544.18,398.03000000000026
CubicBezier 544.18,398.03000000000026 543.9899999999999,397.52000000000027 543.78,397.02000000000027 543.5699999999999,396.5100000000003
CubicBezier 543.5699999999999,396.5100000000003 543.4799999999999,396.28000000000026 543.3799999999999,396.04000000000025 543.29,395.8100000000003
CubicBezier 543.29,395.8100000000003 543.25,395.6900000000003 543.2199999999999,395.5700000000003 543.2099999999999,395.4400000000003
CubicBezier 543.2099999999999,395.4400000000003 543.1899999999999,395.2300000000003 543.3499999999999,395.1200000000003 543.54,395.2000000000003
CubicBezier 543.54,395.2000000000003 543.65,395.2500000000003 543.76,395.3200000000003 543.87,395.39000000000027
CubicBezier 543.87,395.39000000000027 544.07,395.52000000000027 544.27,395.65000000000026 544.47,395.77000000000027
CubicBezier 544.47,395.77000000000027 544.88,396.03000000000026 545.34,396.15000000000026 545.82,396.2000000000003
CubicBezier 545.82,396.2000000000003 546.25,396.2400000000003 546.6800000000001,396.27000000000027 547.12,396.28000000000026
CubicBezier 547.12,396.28000000000026 547.3,396.28000000000026 547.48,396.24000000000024 547.66,396.2000000000003
CubicBezier 547.66,396.2000000000003 547.9399999999999,396.1200000000003 548.2199999999999,396.03000000000026 548.5,395.9400000000003
CubicBezier 548.5,395.9400000000003 548.73,395.8600000000003 548.97,395.8700000000003 549.21,395.9200000000003
CubicBezier 549.21,395.9200000000003 549.4000000000001,395.9600000000003 549.48,396.1400000000003 549.37,396.3100000000003
CubicBezier 549.37,396.3100000000003 549.3,396.4100000000003 549.21,396.5100000000003 549.12,396.59000000000026
CubicBezier 549.12,396.59000000000026 548.93,396.7500000000003 548.73,396.91000000000025 548.53,397.0700000000003
CubicBezier 548.53,397.0700000000003 547.62,397.8100000000003 546.92,398.7000000000003 546.4399999999999,399.7600000000003
CubicBezier 546.4399999999999,399.7600000000003 546.31,400.04000000000025 546.17,400.3100000000003 546.03,400.60000000000025
CubicBezier 546.03,400.60000000000025 546.3,400.87000000000023 546.6,401.0700000000003 546.92,401.24000000000024
CubicBezier 546.92,401.24000000000024 546.99,401.28000000000026 547.0699999999999,401.31000000000023 547.15,401.35000000000025
CubicBezier 547.15,401.35000000000025 547.97,401.7600000000003 547.6999999999999,401.7000000000003 548.67,401.67000000000024
CubicBezier 548.67,401.67000000000024 549.29,401.65000000000026 549.89,401.48000000000025 550.4599999999999,401.2500000000002
CubicBezier 550.4599999999999,401.2500000000002 550.66,401.17000000000024 550.8299999999999,401.06000000000023 550.9799999999999,400.91000000000025
CubicBezier 550.9799999999999,400.91000000000025 551.4499999999999,400.46000000000026 551.8699999999999,399.98000000000025 552.17,399.40000000000026
CubicBezier 552.17,399.40000000000026 552.38,398.98000000000025 552.5,398.54000000000025 552.5899999999999,398.09000000000026
CubicBezier 552.5899999999999,398.09000000000026 552.6199999999999,397.93000000000023 552.6199999999999,397.7500000000003 552.66,397.59000000000026
CubicBezier 552.66,397.59000000000026 552.7199999999999,397.34000000000026 552.64,397.1300000000003 552.5,396.92000000000024
CubicBezier 552.5,396.92000000000024 552.33,396.66000000000025 552.18,396.40000000000026 552.01,396.14000000000027
CubicBezier 552.01,396.14000000000027 551.85,395.90000000000026 551.84,395.64000000000027 551.93,395.3800000000003
CubicBezier 551.93,395.3800000000003 551.9899999999999,395.21000000000026 552.05,395.0400000000003 552.14,394.8800000000003
CubicBezier 552.14,394.8800000000003 552.41,394.3800000000003 552.56,393.8500000000003 552.63,393.2900000000003
CubicBezier 552.63,393.2900000000003 552.65,393.1500000000003 552.65,392.9900000000003 552.78,392.8400000000003
CubicBezier 552.78,392.8400000000003 553.01,393.1100000000003 553.27,393.32000000000033 553.41,393.63000000000034
CubicBezier 553.41,393.63000000000034 553.54,393.92000000000036 553.64,394.2200000000003 553.76,394.54000000000036
CubicBezier 553.76,394.54000000000036 553.97,394.50000000000034 554.11,394.36000000000035 554.25,394.24000000000035
CubicBezier 554.25,394.24000000000035 554.56,393.9600000000004 554.81,393.61000000000035 555.02,393.25000000000034
CubicBezier 555.3,392.26000000000033 555.3,391.88000000000034 555.3,391.50000000000034 555.3199999999999,391.13000000000034
CubicBezier 555.3199999999999,391.13000000000034 555.3199999999999,390.99000000000035 555.3399999999999,390.85000000000036 555.3699999999999,390.7100000000003
CubicBezier 555.3699999999999,390.7100000000003 555.4099999999999,390.5500000000003 555.5699999999999,390.51000000000033 555.6899999999999,390.63000000000034
CubicBezier 555.6899999999999,390.63000000000034 555.76,390.70000000000033 555.8199999999999,390.7800000000003 555.8599999999999,390.87000000000035
CubicBezier 555.8599999999999,390.87000000000035 555.9699999999999,391.1400000000003 556.0699999999999,391.42000000000036 556.1599999999999,391.70000000000033
CubicBezier 556.1599999999999,391.70000000000033 556.2699999999999,392.05000000000035 556.3599999999999,392.4000000000003 556.4799999999999,392.74000000000035
CubicBezier 556.4799999999999,392.74000000000035 556.5399999999998,392.91000000000037 556.6299999999999,393.07000000000033 556.7299999999999,393.22000000000037
CubicBezier 556.7299999999999,393.22000000000037 556.81,393.35000000000036 556.92,393.37000000000035 557.06,393.30000000000035
CubicBezier 557.06,393.30000000000035 557.26,393.20000000000033 557.4499999999999,393.0800000000003 557.64,392.9600000000004
CubicBezier 557.64,392.9600000000004 557.98,392.7600000000004 558.22,392.4400000000004 558.59,392.2700000000004
CubicBezier 558.59,392.2700000000004 558.65,392.2400000000004 558.6700000000001,392.1300000000004 558.72,392.0600000000004
CubicBezier 558.72,392.0600000000004 558.8100000000001,391.9200000000004 558.9,391.7800000000004 559.01,391.6500000000004
CubicBezier 559.01,391.6500000000004 559.09,391.5600000000004 559.23,391.5900000000004 559.29,391.7000000000004
CubicBezier 559.29,391.7000000000004 559.38,391.8700000000004 559.39,392.0500000000004 559.36,392.23000000000036
CubicBezier 559.36,392.23000000000036 559.3000000000001,392.5900000000004 559.24,392.9500000000004 559.14,393.30000000000035
CubicBezier 559.14,393.30000000000035 558.84,394.29000000000036 558.47,395.26000000000033 557.9499999999999,396.16000000000037
CubicBezier 557.9499999999999,396.16000000000037 557.81,396.41000000000037 557.7099999999999,396.7000000000004 557.6299999999999,396.98000000000036
CubicBezier 557.6299999999999,396.98000000000036 557.4899999999999,397.47000000000037 557.6299999999999,397.67000000000036 558.1599999999999,397.76000000000033
CubicBezier 558.1599999999999,397.76000000000033 558.2299999999999,397.7200000000003 558.3099999999998,397.6600000000003 558.3999999999999,397.62000000000035
CubicBezier 558.3999999999999,397.62000000000035 558.4799999999999,397.5800000000003 558.5699999999998,397.56000000000034 558.6299999999999,397.63000000000034
CubicBezier 558.6299999999999,397.63000000000034 558.6799999999998,397.69000000000034 558.7099999999999,397.7800000000003 558.6999999999999,397.85000000000036
CubicBezier 558.6999999999999,397.85000000000036 558.68,397.97000000000037 558.64,398.10000000000036 558.5699999999999,398.2000000000004
CubicBezier 558.5699999999999,398.2000000000004 558.43,398.3900000000004 558.27,398.5700000000004 558.0899999999999,398.72000000000037
CubicBezier 558.0899999999999,398.72000000000037 557.6399999999999,399.11000000000035 557.1099999999999,399.37000000000035 556.54,399.54000000000036
CubicBezier 556.54,399.54000000000036 556.23,399.63000000000034 555.92,399.7100000000004 555.5999999999999,399.7700000000004
CubicBezier 555.5999999999999,399.7700000000004 555.0099999999999,399.8900000000004 554.4999999999999,400.1400000000004 554.04,400.54000000000036
CubicBezier 554.04,400.54000000000036 553.27,401.2100000000004 552.49,401.87000000000035 551.79,402.62000000000035
CubicBezier 551.79,402.62000000000035 551.1899999999999,403.2700000000003 550.67,403.97000000000037 550.2099999999999,404.73000000000036
CubicBezier 550.2099999999999,404.73000000000036 549.7299999999999,405.54000000000036 549.6899999999999,406.4000000000004 549.8399999999999,407.28000000000037
CubicBezier 549.8399999999999,407.28000000000037 549.8699999999999,407.4600000000004 549.9399999999999,407.6300000000004 549.9899999999999,407.81000000000034
CubicBezier 549.9899999999999,407.81000000000034 551.0699999999999,408.43000000000035 552.1999999999999,408.78000000000037 553.43,408.7700000000003
CubicBezier 553.43,408.7700000000003 553.67,408.7700000000003 553.9,408.7200000000003 554.14,408.70000000000033
CubicBezier 554.14,408.70000000000033 554.3199999999999,408.68000000000035 554.4499999999999,408.5900000000003 554.5699999999999,408.4600000000003
CubicBezier 554.5699999999999,408.4600000000003 555.1899999999999,407.81000000000034 555.6199999999999,407.0500000000003 555.9599999999999,406.2300000000003
CubicBezier 555.9599999999999,406.2300000000003 556.18,405.6800000000003 556.31,405.1100000000003 556.4599999999999,404.5400000000003
CubicBezier 556.4599999999999,404.5400000000003 556.5099999999999,404.3500000000003 556.55,404.1600000000003 556.6399999999999,403.9800000000003
CubicBezier 556.6399999999999,403.9800000000003 556.7199999999999,403.8200000000003 556.8299999999999,403.6600000000003 556.9599999999999,403.5400000000003
CubicBezier 556.9599999999999,403.5400000000003 557.2599999999999,403.26000000000033 557.6299999999999,403.3100000000003 557.8699999999999,403.6300000000003
CubicBezier 557.8699999999999,403.6300000000003 557.9499999999999,403.7400000000003 557.9999999999999,403.8800000000003 558.0699999999999,404.0000000000003
CubicBezier 558.0699999999999,404.0000000000003 558.16,404.15000000000026 558.18,404.3600000000003 558.39,404.4100000000003
CubicBezier 558.39,404.4100000000003 558.63,404.4600000000003 558.87,404.4700000000003 559.08,404.3400000000003
CubicBezier 559.08,404.3400000000003 559.25,404.2400000000003 559.4000000000001,404.1100000000003 559.5500000000001,403.9900000000003
CubicBezier 559.5500000000001,403.9900000000003 559.7600000000001,403.83000000000027 559.96,403.6600000000003 560.1600000000001,403.5100000000003
CubicBezier 560.1600000000001,403.5100000000003 560.2900000000001,403.5600000000003 560.2900000000001,403.64000000000027 560.2900000000001,403.7300000000003
CubicBezier 560.2900000000001,403.7300000000003 560.2700000000001,404.1800000000003 560.1100000000001,404.5800000000003 559.8900000000001,404.9600000000003
CubicBezier 559.8900000000001,404.9600000000003 559.6400000000001,405.4000000000003 559.2900000000001,405.7700000000003 558.9000000000001,406.0900000000003
CubicBezier 558.9000000000001,406.0900000000003 558.7400000000001,406.2200000000003 558.6400000000001,406.3700000000003 558.6100000000001,406.5800000000003
CubicBezier 558.6100000000001,406.5800000000003 558.5800000000002,406.7800000000003 558.6500000000001,406.9000000000003 558.8500000000001,406.9600000000003
CubicBezier 558.8500000000001,406.9600000000003 558.8800000000001,406.9600000000003 558.9000000000001,406.9700000000003 558.9300000000002,406.9800000000003
CubicBezier 558.9300000000002,406.9800000000003 559.2600000000002,407.0100000000003 559.6000000000001,407.0400000000003 559.9300000000002,407.0700000000003
CubicBezier 559.9300000000002,407.0700000000003 560.0900000000001,407.09000000000026 560.2000000000002,407.02000000000027 560.2800000000002,406.89000000000027
CubicBezier 560.2800000000002,406.89000000000027 560.4200000000002,406.67000000000024 560.5600000000002,406.4400000000003 560.6900000000002,406.22000000000025
CubicBezier 560.6900000000002,406.22000000000025 560.8100000000002,406.2000000000003 560.8400000000001,406.28000000000026 560.8700000000001,406.36000000000024
CubicBezier 560.8700000000001,406.36000000000024 560.9800000000001,406.65000000000026 560.9600000000002,406.9400000000002 560.8800000000001,407.23000000000025
CubicBezier 560.8800000000001,407.23000000000025 560.8000000000001,407.55000000000024 560.6300000000001,407.8200000000002 560.4000000000001,408.06000000000023
CubicBezier 560.4000000000001,408.06000000000023 560.1400000000001,408.3200000000002 559.8700000000001,408.56000000000023 559.6000000000001,408.80000000000024
CubicBezier 559.6000000000001,408.80000000000024 559.4300000000002,408.9500000000002 559.2500000000001,409.0800000000002 559.0800000000002,409.22000000000025
CubicBezier 559.0800000000002,409.22000000000025 559.0200000000002,409.27000000000027 558.9600000000002,409.34000000000026 558.9000000000002,409.40000000000026
CubicBezier 558.9000000000002,409.40000000000026 558.8400000000003,409.47000000000025 558.8400000000003,409.55000000000024 558.8900000000002,409.6300000000003
CubicBezier 558.8900000000002,409.6300000000003 558.9800000000002,409.7600000000003 559.0700000000002,409.8800000000003 559.2500000000002,409.9300000000003
CubicBezier 559.2500000000002,409.9300000000003 559.4600000000003,409.8400000000003 559.6600000000002,409.71000000000026 559.8500000000003,409.58000000000027
CubicBezier 559.8500000000003,409.58000000000027 560.0300000000002,409.46000000000026 560.1600000000002,409.27000000000027 560.3800000000002,409.1800000000003
CubicBezier 560.3800000000002,409.1800000000003 560.5100000000002,409.3400000000003 560.4700000000003,409.4900000000003 560.4400000000002,409.64000000000027
CubicBezier 560.4400000000002,409.64000000000027 560.3400000000001,410.0500000000003 560.1100000000001,410.3800000000003 559.7500000000001,410.60000000000025
CubicBezier 559.7500000000001,410.60000000000025 559.5700000000002,410.71000000000026 559.3800000000001,410.80000000000024 559.1900000000002,410.8800000000002
CubicBezier 559.1900000000002,410.8800000000002 558.9700000000001,410.9700000000002 558.7500000000001,411.05000000000024 558.5200000000002,411.1400000000002
CubicBezier 558.5200000000002,411.1400000000002 558.3900000000002,411.1900000000002 558.2600000000002,411.24000000000024 558.1400000000002,411.31000000000023
CubicBezier 558.1400000000002,411.31000000000023 557.7700000000002,411.5200000000002 557.7200000000003,411.7600000000002 557.9500000000002,412.11000000000024
CubicBezier 557.9500000000002,412.11000000000024 558.0100000000001,412.2000000000002 558.0900000000001,412.29000000000025 558.1700000000002,412.37000000000023
CubicBezier 558.1700000000002,412.37000000000023 558.4000000000002,412.61000000000024 558.6800000000002,412.7500000000002 558.9700000000001,412.9000000000002
CubicBezier 558.9700000000001,412.9000000000002 559.0900000000001,412.9600000000002 559.2100000000002,412.9600000000002 559.3400000000001,412.9500000000002
CubicBezier 559.3400000000001,412.9500000000002 559.5200000000001,412.9400000000002 559.6900000000002,412.92000000000024 559.8700000000001,412.9000000000002
CubicBezier 559.8700000000001,412.9000000000002 559.8700000000001,413.0900000000002 559.7600000000001,413.1800000000002 559.6500000000001,413.2600000000002
CubicBezier 559.6500000000001,413.2600000000002 558.9900000000001,413.7700000000002 558.2600000000001,414.0400000000002 557.4200000000001,413.7800000000002
CubicBezier 557.4200000000001,413.7800000000002 557.1,413.6800000000002 556.7900000000001,413.5600000000002 556.47,413.4400000000002
CubicBezier 556.47,413.4400000000002 556.23,413.35000000000025 556.0,413.2500000000002 555.77,413.16000000000025
CubicBezier 555.77,413.16000000000025 555.67,413.12000000000023 555.56,413.09000000000026 555.4399999999999,413.18000000000023
CubicBezier 555.4399999999999,413.18000000000023 555.42,413.40000000000026 555.51,413.5800000000002 555.68,413.72000000000025
CubicBezier 555.68,413.72000000000025 555.92,413.93000000000023 556.16,414.15000000000026 556.41,414.36000000000024
CubicBezier 556.41,414.36000000000024 556.51,414.4500000000002 556.63,414.53000000000026 556.67,414.68000000000023
CubicBezier 556.67,414.68000000000023 556.61,414.81000000000023 556.49,414.81000000000023 556.39,414.81000000000023
CubicBezier 556.39,414.81000000000023 555.9,414.8200000000002 555.4499999999999,414.6900000000002 555.03,414.4500000000002
CubicBezier 555.03,414.4500000000002 554.75,414.2900000000002 554.51,414.0700000000002 554.29,413.8300000000002
CubicBezier 554.29,413.8300000000002 554.11,413.6300000000002 553.9399999999999,413.43000000000023 553.79,413.2100000000002
CubicBezier 553.79,413.2100000000002 553.25,412.4600000000002 552.64,411.7600000000002 552.03,411.0700000000002
CubicBezier 552.03,411.0700000000002 551.85,410.86000000000024 551.64,410.67000000000024 551.43,410.48000000000025
CubicBezier 551.43,410.48000000000025 551.17,410.2500000000002 550.8599999999999,410.1300000000002 550.52,410.0700000000002
CubicBezier 550.52,410.0700000000002 549.98,409.9600000000002 549.8199999999999,410.2800000000002 549.86,410.7100000000002
CubicBezier 549.86,410.7100000000002 549.86,410.7500000000002 549.88,410.7900000000002 549.89,410.8300000000002
CubicBezier 549.89,410.8300000000002 550.06,411.3200000000002 550.21,411.81000000000023 550.48,412.2600000000002
CubicBezier 550.48,412.2600000000002 550.84,412.87000000000023 551.1800000000001,413.5000000000002 551.53,414.1300000000002
CubicBezier 551.53,414.1300000000002 551.6,414.2700000000002 551.68,414.3900000000002 551.8,414.5000000000002
CubicBezier 551.8,414.5000000000002 552.39,415.0000000000002 552.9,415.5800000000002 553.37,416.1900000000002
CubicBezier 553.37,416.1900000000002 554.0600000000001,417.0800000000002 554.74,417.9600000000002 555.42,418.85000000000025
CubicBezier 555.42,418.85000000000025 555.5999999999999,419.08000000000027 555.77,419.33000000000027 555.93,419.5700000000003
CubicBezier 555.93,419.5700000000003 556.06,419.77000000000027 556.17,419.9800000000003 556.2099999999999,420.22000000000025
CubicBezier 556.2099999999999,420.22000000000025 556.2599999999999,420.53000000000026 556.1899999999999,420.80000000000024 555.93,421.0100000000003
CubicBezier 555.93,421.0100000000003 555.8399999999999,421.08000000000027 555.75,421.15000000000026 555.68,421.2300000000003
CubicBezier 555.68,421.2300000000003 555.26,421.7500000000003 554.7199999999999,422.1200000000003 554.13,422.4300000000003
CubicBezier 554.13,422.4300000000003 553.93,422.5300000000003 553.73,422.6300000000003 553.53,422.7200000000003
CubicBezier 553.53,422.7200000000003 553.31,422.82000000000033 553.0799999999999,422.8600000000003 552.8399999999999,422.8600000000003
CubicBezier 552.8399999999999,422.8600000000003 552.7299999999999,422.8600000000003 552.5999999999999,422.8500000000003 552.5199999999999,422.7900000000003
CubicBezier 552.5199999999999,422.7900000000003 552.3499999999999,422.6800000000003 552.1499999999999,422.6600000000003 551.9699999999999,422.5900000000003
CubicBezier 551.9699999999999,422.5900000000003 551.5699999999999,422.4300000000003 551.17,422.26000000000033 550.7599999999999,422.1100000000003
CubicBezier 550.7599999999999,422.1100000000003 550.4999999999999,422.0100000000003 550.2299999999999,421.9200000000003 549.9699999999999,421.8300000000003
CubicBezier 549.9699999999999,421.8300000000003 549.81,421.7800000000003 549.6499999999999,421.74000000000035 549.4899999999999,421.68000000000035
CubicBezier 549.4899999999999,421.68000000000035 548.7499999999999,421.4000000000004 547.9699999999999,421.30000000000035 547.18,421.32000000000033
CubicBezier 547.18,421.32000000000033 546.62,421.3400000000003 546.06,421.38000000000034 545.5,421.42000000000036
CubicBezier 545.5,421.42000000000036 545.13,421.45000000000033 544.77,421.42000000000036 544.43,421.25000000000034
CubicBezier 544.43,421.25000000000034 544.28,421.18000000000035 544.13,421.10000000000036 543.9699999999999,421.01000000000033
CubicBezier 543.9699999999999,421.01000000000033 543.7299999999999,421.48000000000036 543.55,422.01000000000033 542.9899999999999,422.1600000000003
CubicBezier 542.9899999999999,422.1600000000003 542.8699999999999,422.3500000000003 542.7799999999999,422.5200000000003 542.6599999999999,422.6900000000003
CubicBezier 542.6599999999999,422.6900000000003 542.5599999999998,422.83000000000027 542.4399999999998,422.9400000000003 542.2699999999999,423.0000000000003
CubicBezier 542.2699999999999,423.0000000000003 542.1599999999999,423.0400000000003 542.0699999999998,422.9700000000003 542.0699999999998,422.8500000000003
CubicBezier 542.0699999999998,422.8500000000003 542.0699999999998,422.7100000000003 542.0999999999998,422.57000000000033 542.1099999999998,422.4300000000003
CubicBezier 542.1099999999998,422.4300000000003 542.1099999999998,422.3600000000003 542.1099999999998,422.3000000000003 542.1099999999998,422.2200000000003
CubicBezier 542.1099999999998,422.2200000000003 541.8699999999998,422.19000000000034 541.7099999999998,422.3100000000003 541.5699999999998,422.44000000000034
CubicBezier 541.5699999999998,422.44000000000034 541.3299999999998,422.6500000000003 541.0999999999998,422.88000000000034 540.8599999999998,423.10000000000036
CubicBezier 540.8599999999998,423.10000000000036 540.5999999999998,423.3400000000004 540.3699999999998,423.5900000000004 540.2099999999998,423.91000000000037
CubicBezier 540.2099999999998,423.91000000000037 540.1199999999998,424.0900000000004 539.9599999999998,424.25000000000034 539.8299999999998,424.41000000000037
CubicBezier 539.8299999999998,424.41000000000037 539.7999999999998,424.4500000000004 539.7399999999998,424.48000000000036 539.6899999999998,424.50000000000034
CubicBezier 539.6899999999998,424.50000000000034 539.6699999999998,424.51000000000033 539.6399999999999,424.50000000000034 539.5899999999998,424.50000000000034
CubicBezier 539.5899999999998,424.50000000000034 539.5799999999998,424.38000000000034 539.5699999999998,424.2700000000003 539.5499999999998,424.10000000000036
CubicBezier 539.5499999999998,424.10000000000036 539.4799999999998,424.18000000000035 539.4199999999998,424.22000000000037 539.3799999999999,424.2700000000004
CubicBezier 539.3799999999999,424.2700000000004 539.1199999999999,424.6300000000004 538.8599999999999,425.0000000000004 538.6099999999999,425.3700000000004
CubicBezier 538.6099999999999,425.3700000000004 538.5199999999999,425.5000000000004 538.4599999999999,425.6400000000004 538.3899999999999,425.7800000000004
CubicBezier 538.3899999999999,425.7800000000004 538.2499999999999,426.0500000000004 538.1199999999999,426.33000000000044 537.9699999999999,426.6000000000004
CubicBezier 537.9699999999999,426.6000000000004 537.8899999999999,426.7500000000004 537.8799999999999,426.7500000000004 537.66,426.8600000000004
CubicBezier 537.66,426.8600000000004 537.56,426.7200000000004 537.6,426.5600000000004 537.62,426.4100000000004
CubicBezier 537.62,426.4100000000004 537.68,426.0400000000004 537.75,425.6700000000004 537.82,425.3000000000004
CubicBezier 537.82,425.3000000000004 537.85,425.1700000000004 537.87,425.0300000000004 537.9100000000001,424.8300000000004
CubicBezier 537.9100000000001,424.8300000000004 537.5500000000001,425.10000000000036 537.2900000000001,425.35000000000036 537.0600000000001,425.6400000000004
CubicBezier 537.0600000000001,425.6400000000004 536.86,425.8900000000004 536.6500000000001,426.1400000000004 536.4300000000001,426.3700000000004
CubicBezier 536.4300000000001,426.3700000000004 536.2700000000001,426.5400000000004 536.22,426.5500000000004 535.9300000000001,426.6300000000004
CubicBezier 535.9300000000001,426.6300000000004 535.9300000000001,426.5600000000004 535.9100000000001,426.4900000000004 535.9300000000001,426.4400000000004
CubicBezier 535.9300000000001,426.4400000000004 535.99,426.2900000000004 536.08,426.1400000000004 536.1500000000001,425.9900000000004
CubicBezier 536.1500000000001,425.9900000000004 536.1700000000001,425.9500000000004 536.1700000000001,425.8900000000004 536.19,425.8000000000004
CubicBezier 536.19,425.8000000000004 535.96,425.8500000000004 535.8000000000001,425.9400000000004 535.6500000000001,426.0800000000004
CubicBezier 535.6500000000001,426.0800000000004 535.2,426.48000000000036 534.7300000000001,426.85000000000036 534.3700000000001,427.35000000000036
CubicBezier 534.3700000000001,427.35000000000036 534.3400000000001,427.3900000000004 534.2900000000001,427.41000000000037 534.2200000000001,427.4600000000004
CubicBezier 534.2200000000001,427.4600000000004 534.1500000000001,427.23000000000036 534.2400000000001,427.0600000000004 534.3000000000002,426.8800000000004
CubicBezier 534.3000000000002,426.8800000000004 534.3500000000001,426.7100000000004 534.4500000000002,426.5600000000004 534.4900000000002,426.3500000000004
CubicBezier 534.4900000000002,426.3500000000004 534.3000000000002,426.3500000000004 534.1800000000003,426.4100000000004 534.0500000000002,426.4700000000004
CubicBezier 534.0500000000002,426.4700000000004 533.7400000000002,426.63000000000045 533.4300000000002,426.7900000000004 533.1200000000002,426.95000000000044
CubicBezier 533.1200000000002,426.95000000000044 532.8500000000003,427.09000000000043 532.5800000000003,427.25000000000045 532.3100000000003,427.39000000000044
CubicBezier 532.3100000000003,427.39000000000044 532.1800000000003,427.46000000000043 532.0300000000003,427.51000000000045 531.8600000000002,427.59000000000043
CubicBezier 531.8600000000002,427.59000000000043 531.8600000000002,427.4700000000004 531.8600000000002,427.40000000000043 531.8600000000002,427.33000000000044
CubicBezier 531.8600000000002,427.33000000000044 531.8400000000003,427.32000000000045 531.8200000000003,427.30000000000047 531.7900000000002,427.30000000000047
CubicBezier 531.7900000000002,427.30000000000047 530.9100000000002,427.39000000000044 530.0300000000002,427.30000000000047 529.1500000000002,427.19000000000045
CubicBezier 529.1500000000002,427.19000000000045 528.7200000000003,427.13000000000045 528.2900000000002,427.12000000000046 527.8500000000003,427.15000000000043
CubicBezier 527.8500000000003,427.15000000000043 527.3500000000003,427.19000000000045 527.0200000000002,427.45000000000044 526.7700000000002,427.8500000000004
CubicBezier 526.7700000000002,427.8500000000004 526.6100000000002,428.1000000000004 526.5000000000002,428.3600000000004 526.4500000000002,428.6600000000004
CubicBezier 526.4500000000002,428.6600000000004 526.3100000000002,429.6200000000004 526.1500000000002,430.57000000000045 526.0000000000001,431.52000000000044
CubicBezier 526.0000000000001,431.52000000000044 525.9700000000001,431.68000000000046 525.9700000000001,431.8500000000004 525.9800000000001,432.02000000000044
CubicBezier 525.9800000000001,432.02000000000044 525.9900000000001,432.6700000000004 525.8900000000001,433.2900000000004 525.6800000000002,433.9100000000004
CubicBezier 525.6800000000002,433.9100000000004 525.4100000000002,434.71000000000043 524.9900000000001,435.40000000000043 524.4800000000001,436.0600000000004
CubicBezier 524.4800000000001,436.0600000000004 524.0200000000001,436.6600000000004 523.5500000000002,437.2500000000004 523.0700000000002,437.8400000000004
CubicBezier 523.0700000000002,437.8400000000004 522.7000000000002,438.29000000000036 522.4300000000002,438.79000000000036 522.2300000000001,439.3300000000004
CubicBezier 522.2300000000001,439.3300000000004 522.1900000000002,439.4300000000004 522.1700000000002,439.54000000000036 522.1600000000001,439.6500000000004
CubicBezier 522.1600000000001,439.6500000000004 522.1600000000001,439.8100000000004 522.1400000000001,439.9500000000004 522.0500000000001,440.0800000000004
Close 522.0500000000001,440.0800000000004 522.06,440.01
Move 548.39,407.05 548.39,407.05
CubicBezier 548.39,407.05 548.41,406.93 548.42,406.88 548.42,406.83
CubicBezier 548.42,406.83 548.42,406.14 548.4,405.46 548.28,404.78
CubicBezier 548.28,404.78 548.22,404.44 548.12,404.09999999999997 548.01,403.77
CubicBezier 548.01,403.77 547.8199999999999,403.2 547.41,402.84 546.87,402.59999999999997
CubicBezier 546.87,402.59999999999997 546.72,402.53999999999996 546.55,402.52 546.38,402.49999999999994
CubicBezier 546.38,402.49999999999994 546.33,402.49999999999994 546.24,402.55999999999995 546.23,402.60999999999996
CubicBezier 546.23,402.60999999999996 546.1700000000001,402.9 546.13,403.16999999999996 546.3000000000001,403.46
CubicBezier 546.3000000000001,403.46 546.9900000000001,404.63 547.6600000000001,405.81 548.3800000000001,407.04999999999995
Close 548.3800000000001,407.04999999999995 548.39,407.05
