Move 1688.48,790.64 1688.48,790.64
CubicBezier 1688.48,790.64 1688.48,790.64 1671.57,807.28 1664.95,804.62
Line 1664.95,804.62 1664.95,773.66
CubicBezier 1664.95,773.66 1664.95,773.66 1645.47,820.93 1613.1200000000001,841.9
Line 1613.1200000000001,841.9 1613.1200000000001,805.62
CubicBezier 1613.1200000000001,805.62 1613.1200000000001,805.62 1577.46,876.19 1482.6200000000001,866.87
Line 1482.6200000000001,866.87 1512.4,833.25
CubicBezier 1512.4,833.25 1512.4,833.25 1492.92,840.24 1392.92,829.92
CubicBezier 1392.92,829.92 1392.92,829.92 1480.0500000000002,832.92 1540.7,789.98
CubicBezier 1540.7,789.98 1540.7,789.98 1510.56,795.97 1461.29,777.33
CubicBezier 1461.29,777.33 1461.29,777.33 1587.01,759.0200000000001 1617.1599999999999,678.1400000000001
Line 1617.1599999999999,678.1400000000001 1628.9199999999998,695.7800000000001
CubicBezier 1628.9199999999998,695.7800000000001 1628.9199999999998,695.7800000000001 1647.3,687.7900000000001 1664.2099999999998,648.5100000000001
Line 1664.2099999999998,648.5100000000001 1667.1499999999999,667.82
CubicBezier 1667.1499999999999,667.82 1667.1499999999999,667.82 1678.9099999999999,669.82 1688.4699999999998,657.1700000000001
Line 1688.4699999999998,657.1700000000001 1688.4699999999998,790.6500000000001
Close 1688.4699999999998,790.6500000000001 1688.48,790.64
