Move 1688.48,672.59 1688.48,672.59
CubicBezier 1688.48,672.59 1688.48,672.59 1704.66,686.39 1710.99,684.1800000000001
Line 1710.99,684.1800000000001 1710.99,658.5100000000001
CubicBezier 1710.99,658.5100000000001 1716.64,652.9000000000001 1734.43,692.9300000000001 1760.57,715.0900000000001
Line 1760.57,715.0900000000001 1760.57,685.0100000000001
CubicBezier 1760.57,685.0100000000001 1760.57,685.0100000000001 1794.6799999999998,743.5200000000001 1885.4099999999999,735.7900000000001
Line 1885.4099999999999,735.7900000000001 1856.9299999999998,707.9200000000001
CubicBezier 1856.9299999999998,707.9200000000001 1856.9299999999998,707.9200000000001 1875.57,713.72 1971.2199999999998,705.1600000000001
CubicBezier 1971.2199999999998,705.1600000000001 1971.2199999999998,705.1600000000001 1887.8799999999999,707.6400000000001 1829.8599999999997,672.0400000000001
CubicBezier 1829.8599999999997,672.0400000000001 1829.8599999999997,672.0400000000001 1858.6999999999996,677.0100000000001 1905.8199999999997,661.5500000000001
CubicBezier 1905.8199999999997,661.5500000000001 1905.8199999999997,661.5500000000001 1785.5599999999997,646.3700000000001 1756.7199999999998,579.3100000000001
Line 1756.7199999999998,579.3100000000001 1745.4699999999998,593.94
CubicBezier 1745.4699999999998,593.94 1745.4699999999998,593.94 1727.8899999999999,587.32 1711.7099999999998,554.75
Line 1711.7099999999998,554.75 1708.8999999999999,570.76
CubicBezier 1708.8999999999999,570.76 1708.8999999999999,570.76 1697.6499999999999,572.42 1688.4999999999998,561.93
Line 1688.4999999999998,561.93 1688.4999999999998,672.5999999999999
Close 1688.4999999999998,672.5999999999999 1688.48,672.59
