Move 1688.48,672.59 1688.48,672.59
CubicBezier 1688.48,672.59 1688.48,672.59 1672.3,686.39 1665.97,684.1800000000001
Line 1665.97,684.1800000000001 1665.97,658.5100000000001
CubicBezier 1665.97,658.5100000000001 1665.97,658.5100000000001 1647.33,697.7 1616.39,715.0900000000001
Line 1616.39,715.0900000000001 1616.39,685.0100000000001
CubicBezier 1616.39,685.0100000000001 1616.39,685.0100000000001 1582.2800000000002,743.5200000000001 1491.5500000000002,735.7900000000001
Line 1491.5500000000002,735.7900000000001 1520.0300000000002,707.9200000000001
CubicBezier 1520.0300000000002,707.9200000000001 1520.0300000000002,707.9200000000001 1501.39,713.72 1405.7400000000002,705.1600000000001
CubicBezier 1405.7400000000002,705.1600000000001 1405.7400000000002,705.1600000000001 1489.0800000000002,707.6400000000001 1547.1000000000004,672.0400000000001
CubicBezier 1547.1000000000004,672.0400000000001 1547.1000000000004,672.0400000000001 1518.2600000000004,677.0100000000001 1471.1400000000003,661.5500000000001
CubicBezier 1471.1400000000003,661.5500000000001 1471.1400000000003,661.5500000000001 1591.4000000000003,646.3700000000001 1620.2400000000002,579.3100000000001
Line 1620.2400000000002,579.3100000000001 1631.4900000000002,593.94
CubicBezier 1631.4900000000002,593.94 1631.4900000000002,593.94 1649.0700000000002,587.32 1665.2500000000002,554.75
Line 1665.2500000000002,554.75 1668.0600000000002,570.76
CubicBezier 1668.0600000000002,570.76 1668.0600000000002,570.76 1679.3100000000002,572.42 1688.4600000000003,561.93
Line 1688.4600000000003,561.93 1688.4600000000003,672.5999999999999
Close 1688.4600000000003,672.5999999999999 1688.48,672.59
