Move 1575.03,557.08 1575.03,557.08
CubicBezier 1575.03,557.08 1575.03,557.08 1586.79,561.74 1597.45,512.1400000000001
CubicBezier 1597.45,512.1400000000001 1597.45,512.1400000000001 1556.28,517.1300000000001 1539.0,508.4800000000001
CubicBezier 1539.0,508.4800000000001 1539.0,508.4800000000001 1665.83,472.86000000000007 1666.93,404.6300000000001
CubicBezier 1666.93,404.6300000000001 1666.93,404.6300000000001 1652.96,412.29000000000013 1644.8700000000001,407.9600000000001
CubicBezier 1644.8700000000001,407.9600000000001 1644.8700000000001,407.9600000000001 1666.19,359.6900000000001 1676.8500000000001,305.7700000000001
CubicBezier 1676.8500000000001,305.7700000000001 1676.8500000000001,305.7700000000001 1679.8100000000002,299.11000000000007 1686.42,302.11000000000007
Line 1686.42,302.11000000000007 1686.04,483.86000000000007
CubicBezier 1686.04,483.86000000000007 1686.04,483.86000000000007 1691.55,507.1600000000001 1660.31,549.7700000000001
Line 1660.31,549.7700000000001 1664.35,505.1700000000001
CubicBezier 1664.35,505.1700000000001 1664.35,505.1700000000001 1653.6899999999998,548.1100000000001 1626.12,562.7600000000001
Line 1626.12,562.7600000000001 1634.9399999999998,510.8300000000001
CubicBezier 1634.9399999999998,510.8300000000001 1634.9399999999998,510.8300000000001 1613.9899999999998,523.8100000000001 1615.82,527.8100000000001
CubicBezier 1615.82,527.8100000000001 1617.6599999999999,531.8000000000001 1582.37,574.08 1575.01,558.7700000000001
