Move 1688.48,580.21 1688.48,580.21
CubicBezier 1688.48,580.21 1688.48,580.21 1679.34,591.19 1675.77,589.44
Line 1675.77,589.44 1675.77,569.0100000000001
CubicBezier 1675.77,569.0100000000001 1675.77,569.0100000000001 1665.24,600.2000000000002 1647.76,614.0400000000001
Line 1647.76,614.0400000000001 1647.76,590.1
CubicBezier 1647.76,590.1 1647.76,590.1 1628.49,636.6600000000001 1577.23,630.51
Line 1577.23,630.51 1593.32,608.33
CubicBezier 1593.32,608.33 1593.32,608.33 1582.79,612.94 1528.75,606.13
CubicBezier 1528.75,606.13 1528.75,606.13 1575.83,608.11 1608.61,579.77
CubicBezier 1608.61,579.77 1608.61,579.77 1592.32,583.72 1565.6999999999998,571.42
CubicBezier 1565.6999999999998,571.42 1565.6999999999998,571.42 1633.6399999999999,559.3399999999999 1649.9399999999998,505.96999999999997
Line 1649.9399999999998,505.96999999999997 1656.2999999999997,517.61
CubicBezier 1656.2999999999997,517.61 1656.2999999999997,517.61 1666.2299999999998,512.34 1675.3699999999997,486.42
Line 1675.3699999999997,486.42 1676.9599999999996,499.16
CubicBezier 1676.9599999999996,499.16 1676.9599999999996,499.16 1683.3199999999995,500.48 1688.4799999999996,492.13000000000005
Line 1688.4799999999996,492.13000000000005 1688.4799999999996,580.21
Close 1688.4799999999996,580.21 1688.48,580.21
