Move 1403.27,927.66 1403.27,927.66
CubicBezier 1403.27,927.66 1403.27,927.66 1409.07,904.29 1387.36,846.4399999999999
CubicBezier 1387.36,846.4399999999999 1365.6499999999999,788.5899999999999 1374.4299999999998,753.78 1375.4299999999998,748.9799999999999
CubicBezier 1375.4299999999998,748.9799999999999 1376.4299999999998,744.1799999999998 1385.2099999999998,710.0299999999999 1415.2099999999998,705.2199999999999
CubicBezier 1415.2099999999998,705.2199999999999 1415.2099999999998,705.2199999999999 1456.1499999999999,706.8799999999999 1480.5199999999998,747.9899999999999
CubicBezier 1480.5199999999998,747.9899999999999 1480.5199999999998,747.9899999999999 1490.4699999999998,769.6999999999999 1483.8399999999997,794.3999999999999
CubicBezier 1483.8399999999997,794.3999999999999 1483.8399999999997,794.3999999999999 1483.2199999999998,803.0699999999998 1467.3499999999997,798.0199999999999
CubicBezier 1467.3499999999997,798.0199999999999 1467.3499999999997,798.0199999999999 1463.1199999999997,797.0299999999999 1458.6499999999996,792.7999999999998
CubicBezier 1458.6499999999996,792.7999999999998 1454.1799999999996,788.5699999999998 1454.4199999999996,794.6199999999999 1454.4199999999996,794.6199999999999
CubicBezier 1454.4199999999996,794.6199999999999 1454.4199999999996,794.6199999999999 1453.8399999999997,799.1799999999998 1453.0899999999997,800.0899999999999
CubicBezier 1453.0899999999997,800.0899999999999 1452.3399999999997,801.0 1446.6099999999997,783.6099999999999 1439.0699999999997,774.9899999999999
CubicBezier 1439.0699999999997,774.9899999999999 1439.0699999999997,774.9899999999999 1447.8599999999997,785.8899999999999 1456.8099999999997,774.6199999999999
CubicBezier 1456.8099999999997,774.6199999999999 1465.7599999999998,763.3499999999999 1461.1999999999998,747.2699999999999 1454.5699999999997,742.2099999999999
CubicBezier 1454.5699999999997,742.2099999999999 1447.9399999999996,737.15 1441.4699999999998,736.41 1434.7999999999997,740.5899999999999
CubicBezier 1434.7999999999997,740.5899999999999 1428.1299999999997,744.78 1430.7999999999997,756.2399999999999 1430.7999999999997,756.2399999999999
CubicBezier 1430.7999999999997,756.2399999999999 1430.7999999999997,756.2399999999999 1427.0299999999997,748.8599999999999 1422.0099999999998,751.43
CubicBezier 1422.0099999999998,751.43 1416.9899999999998,754.0 1415.1299999999997,777.9499999999999 1415.1299999999997,777.9499999999999
CubicBezier 1415.1299999999997,777.9499999999999 1415.1299999999997,777.9499999999999 1415.0499999999997,808.66 1418.7799999999997,813.3399999999999
CubicBezier 1418.7799999999997,813.3399999999999 1418.7799999999997,813.3399999999999 1426.0899999999997,839.41 1431.1799999999998,847.0699999999999
CubicBezier 1431.1799999999998,847.0699999999999 1436.27,854.7299999999999 1454.3899999999999,891.16 1454.3899999999999,891.16
CubicBezier 1454.3899999999999,891.16 1454.3899999999999,891.16 1464.05,912.4599999999999 1464.9999999999998,919.26
CubicBezier 1464.9999999999998,919.26 1465.9499999999998,926.06 1469.5299999999997,946.75 1466.9899999999998,950.51
CubicBezier 1466.9899999999998,950.51 1464.4499999999998,954.27 1464.8899999999999,968.58 1433.3999999999999,956.7
CubicBezier 1433.3999999999999,956.7 1401.9099999999999,944.82 1403.29,927.6600000000001 1403.29,927.6600000000001
Close 1403.29,927.6600000000001 1403.27,927.66
