Move 1379.39,844.22 1379.39,844.22
CubicBezier 1379.39,844.22 1382.24,843.47 1428.49,853.53 1428.49,853.53
CubicBezier 1428.49,853.53 1428.49,853.53 1414.38,902.18 1404.32,896.3199999999999
CubicBezier 1404.32,896.3199999999999 1394.26,890.4599999999999 1375.34,886.41 1354.77,886.7099999999999
CubicBezier 1354.77,886.7099999999999 1334.2,887.0099999999999 1317.68,898.42 1317.68,898.42
CubicBezier 1317.68,898.42 1314.42,900.16 1305.18,909.5 1304.3200000000002,910.7299999999999
CubicBezier 1304.3200000000002,910.7299999999999 1303.5900000000001,911.7699999999999 1310.3300000000002,915.9799999999999 1310.3300000000002,915.9799999999999
CubicBezier 1310.3300000000002,915.9799999999999 1320.9900000000002,922.4399999999999 1332.14,925.7399999999999 1362.7500000000002,928.3699999999999
CubicBezier 1362.7500000000002,928.3699999999999 1393.3600000000004,930.9999999999999 1407.9600000000003,922.5499999999998 1407.9600000000003,922.5499999999998
Line 1407.9600000000003,922.5499999999998 1492.0400000000002,952.9499999999998
CubicBezier 1492.0400000000002,952.9499999999998 1472.9,972.5399999999998 1429.4800000000002,989.8799999999998 1429.4800000000002,989.8799999999998
CubicBezier 1429.4800000000002,989.8799999999998 1394.8500000000001,996.8599999999998 1315.9200000000003,999.7899999999997 1259.1700000000003,963.9799999999998
CubicBezier 1259.1700000000003,963.9799999999998 1202.4200000000003,928.1699999999998 1247.0100000000002,878.8499999999998 1250.1600000000003,876.3699999999998
CubicBezier 1250.1600000000003,876.3699999999998 1253.3100000000004,873.8899999999998 1289.5700000000004,840.3399999999998 1367.5000000000002,843.4899999999998
Line 1367.5000000000002,843.4899999999998 1379.4000000000003,844.1999999999998
Close 1379.4000000000003,844.1999999999998 1379.39,844.22
