Move 1493.32,950.36 1493.32,950.36
CubicBezier 1493.32,950.36 1493.32,950.36 1480.62,963.89 1458.6899999999998,976.09
CubicBezier 1458.6899999999998,976.09 1443.2799999999997,984.6700000000001 1422.6699999999998,993.4 1401.1,992.7800000000001
CubicBezier 1401.1,992.7800000000001 1401.1,992.7800000000001 1346.8899999999999,999.4100000000001 1277.52,973.96
CubicBezier 1277.52,973.96 1277.52,973.96 1243.44,955.69 1235.33,939.9200000000001
CubicBezier 1235.33,939.9200000000001 1235.33,939.9200000000001 1246.09,963.46 1248.8,964.3600000000001
CubicBezier 1248.8,964.3600000000001 1248.8,964.3600000000001 1277.25,992.4700000000001 1307.58,999.9400000000002
CubicBezier 1307.58,999.9400000000002 1307.58,999.9400000000002 1353.97,1019.5300000000002 1422.6599999999999,1004.6700000000002
CubicBezier 1422.6599999999999,1004.6700000000002 1422.6599999999999,1004.6700000000002 1476.4599999999998,991.2800000000002 1493.31,950.3500000000001
Close 1493.31,950.3500000000001 1493.32,950.36
