Move 1923.55,353.97 1923.55,353.97
CubicBezier 1923.55,353.97 1923.55,353.97 1746.09,430.87 1568.53,433.46000000000004
CubicBezier 1568.53,433.46000000000004 1390.97,436.05000000000007 1413.87,425.25000000000006 1341.3,450.74
CubicBezier 1341.3,450.74 1341.3,450.74 1306.31,460.68 1241.94,455.06
CubicBezier 1241.94,455.06 1177.5700000000002,449.44 1173.25,444.69 1054.45,444.69
CubicBezier 1054.45,444.69 935.6500000000001,444.69 453.11,458.51 379.6700000000001,480.98
CubicBezier 379.6700000000001,480.98 306.23000000000013,503.45000000000005 241.86000000000007,489.19 104.05000000000007,531.09
Line 104.05000000000007,531.09 1921.04,531.09
Line 1921.04,531.09 1923.54,353.97
Close 1923.54,353.97 1923.55,353.97
