Move 857.67,376.14 857.67,376.14
CubicBezier 857.67,376.14 857.67,376.14 911.81,356.28 942.92,351.24
CubicBezier 942.92,351.24 974.03,346.20000000000005 974.02,357.14 1051.21,323.15000000000003
CubicBezier 1051.21,323.15000000000003 1128.4,289.1600000000001 1141.07,260.94000000000005 1197.51,254.03000000000003
CubicBezier 1197.51,254.03000000000003 1253.95,247.12 1256.84,239.63000000000002 1385.29,293.20000000000005
CubicBezier 1385.29,293.20000000000005 1385.29,293.20000000000005 1431.95,304.72 1477.45,282.83000000000004
CubicBezier 1477.45,282.83000000000004 1522.95,260.94000000000005 1569.03,251.15000000000003 1603.02,264.40000000000003
CubicBezier 1603.02,264.40000000000003 1637.01,277.65000000000003 1686.54,297.23 1767.76,342.74
CubicBezier 1767.76,342.74 1767.76,342.74 1800.59,333.51 1887.57,371.24
Line 1887.57,371.24 1887.57,444.11
Line 1887.57,444.11 857.6799999999998,477.52
Line 857.6799999999998,477.52 857.6799999999998,376.14
Close 857.6799999999998,376.14 857.67,376.14
