Move 945.07,226.38 945.07,226.38
CubicBezier 945.07,226.38 945.07,226.38 1521.5900000000001,221.35 1548.2,221.87
CubicBezier 1548.2,221.87 1574.81,222.39000000000001 1712.29,222.13 1718.81,222.91
CubicBezier 1718.81,222.91 1725.33,223.69 1731.59,227.87 1732.6399999999999,230.74
CubicBezier 1732.6399999999999,230.74 1733.6899999999998,233.61 1733.6799999999998,239.87 1726.12,240.65
CubicBezier 1726.12,240.65 1718.56,241.43 1611.86,252.65 1611.86,252.65
CubicBezier 1611.86,252.65 1611.86,252.65 1597.3799999999999,252.77 1597.1899999999998,260.28000000000003
CubicBezier 1597.1899999999998,260.28000000000003 1596.9999999999998,267.7900000000001 1598.82,268.31 1617.6,268.83000000000004
CubicBezier 1617.6,268.83000000000004 1636.3799999999999,269.3500000000001 1920.86,270.66 1920.86,270.66
Line 1920.86,270.66 1921.06,322.70000000000005
Line 1921.06,322.70000000000005 1638.6,317.09000000000003
CubicBezier 1638.6,317.09000000000003 1638.6,317.09000000000003 1312.3799999999999,316.11 1300.6399999999999,315.85
CubicBezier 1300.6399999999999,315.85 1288.8999999999999,315.59000000000003 1251.6,318.72 1253.9399999999998,308.55
CubicBezier 1253.9399999999998,308.55 1256.2799999999997,298.38 1263.33,291.33000000000004 1281.07,290.55
CubicBezier 1281.07,290.55 1298.81,289.77 1337.1599999999999,291.07 1335.59,281.42
CubicBezier 1335.59,281.42 1334.02,271.77000000000004 1317.07,272.51 1295.9399999999998,272.27000000000004
CubicBezier 1295.9399999999998,272.27000000000004 1274.8099999999997,272.0300000000001 915.9799999999998,272.38000000000005 905.0299999999997,272.27000000000004
CubicBezier 905.0299999999997,272.27000000000004 894.0799999999997,272.16 861.1999999999997,275.29 861.1999999999997,254.55000000000004
CubicBezier 861.1999999999997,254.55000000000004 861.1999999999997,233.81000000000006 892.1099999999997,226.39000000000004 905.8099999999997,226.38000000000005
CubicBezier 905.8099999999997,226.38000000000005 919.5099999999998,226.37000000000006 945.0699999999997,226.38000000000005 945.0699999999997,226.38000000000005
Close 945.0699999999997,226.38000000000005 945.07,226.38
