Move 783.7,51.7 783.7,51.7
Line 783.7,51.7 1067.0,51.7
CubicBezier 1067.0,51.7 1067.0,51.7 1045.61,40.22 1038.3,28.740000000000002
CubicBezier 1038.3,28.740000000000002 1030.99,17.260000000000005 1004.65,21.700000000000003 1003.5999999999999,23.26
CubicBezier 1003.5999999999999,23.26 1002.5499999999998,24.82 999.6899999999999,27.96 992.3799999999999,28.48
CubicBezier 992.3799999999999,28.48 985.0699999999998,29.0 979.5999999999999,22.22 976.2099999999999,18.57
CubicBezier 976.2099999999999,18.57 972.8199999999999,14.920000000000002 960.04,2.1400000000000006 932.6399999999999,2.1400000000000006
CubicBezier 932.6399999999999,2.1400000000000006 905.2399999999998,2.1400000000000006 902.3799999999999,26.92 902.3799999999999,26.92
CubicBezier 902.3799999999999,26.92 902.3799999999999,26.92 900.2899999999998,32.14 899.2499999999999,31.62
CubicBezier 899.2499999999999,31.62 898.2099999999999,31.1 898.4699999999999,29.79 896.3799999999999,24.05
CubicBezier 896.3799999999999,24.05 894.2899999999998,18.310000000000002 883.0799999999999,14.14 877.5999999999999,14.14
CubicBezier 877.5999999999999,14.14 872.1199999999999,14.14 859.0799999999999,17.79 855.9499999999999,24.05
CubicBezier 855.9499999999999,24.05 855.9499999999999,24.05 856.2099999999999,33.7 853.5999999999999,32.14
CubicBezier 853.5999999999999,32.14 850.9899999999999,30.58 837.43,25.36 835.0799999999999,26.92
CubicBezier 835.0799999999999,26.92 832.7299999999999,28.480000000000004 803.78,25.62 783.6899999999999,51.7
Close 783.6899999999999,51.7 783.7,51.7
