Move 0.0,128.78 0.0,128.78
CubicBezier 0.0,128.78 574.14,128.93 847.33,128.93 851.07,128.78
CubicBezier 851.07,128.78 851.2,128.78 853.4000000000001,128.67 856.4200000000001,128.67
CubicBezier 856.4200000000001,128.67 859.84,128.67 862.35,128.78 862.5000000000001,128.78
CubicBezier 862.5000000000001,128.78 866.2300000000001,128.93 1113.88,128.94 1638.25,128.78
CubicBezier 1638.25,128.78 1638.25,128.78 1659.95,128.01 1664.36,137.23
CubicBezier 1664.36,137.23 1668.7699999999998,146.45 1648.2299999999998,148.37 1648.2299999999998,148.37
CubicBezier 1648.2299999999998,148.37 1648.2299999999998,148.37 1510.5699999999997,163.15 1468.8999999999999,163.73000000000002
CubicBezier 1468.8999999999999,163.73000000000002 1427.2399999999998,164.31000000000003 1227.36,168.91000000000003 1188.9599999999998,169.11
CubicBezier 1188.9599999999998,169.11 1150.5599999999997,169.3 788.8299999999998,172.18 788.8299999999998,172.18
CubicBezier 788.8299999999998,172.18 788.8299999999998,172.18 668.0599999999998,177.75 659.4199999999998,197.14000000000001
CubicBezier 659.4199999999998,197.14000000000001 650.7799999999999,216.53000000000003 729.3099999999998,218.45000000000002 737.7599999999999,222.10000000000002
CubicBezier 737.7599999999999,222.10000000000002 746.2099999999999,225.75000000000003 776.1599999999999,235.35000000000002 773.8599999999999,248.98000000000002
CubicBezier 773.8599999999999,248.98000000000002 771.56,262.61 747.7499999999999,260.12 747.7499999999999,260.12
Line 747.7499999999999,260.12 264.6799999999999,260.3
Line 264.6799999999999,260.3 0.0,260.3
Line 0.0,260.3 0.0,128.79000000000002
Close 0.0,128.79000000000002 0.0,128.78
