Move 1175.07,63.85 1175.07,63.85
Line 1175.07,63.85 1518.37,63.85
CubicBezier 1518.37,63.85 1518.37,63.85 1506.37,55.24 1500.11,43.760000000000005
CubicBezier 1500.11,43.760000000000005 1493.85,32.28000000000001 1490.4599999999998,33.06 1483.1499999999999,32.28
CubicBezier 1483.1499999999999,32.28 1475.84,31.5 1469.85,39.32 1466.7199999999998,41.410000000000004
CubicBezier 1466.7199999999998,41.410000000000004 1463.5899999999997,43.50000000000001 1463.9799999999998,42.980000000000004 1462.8099999999997,43.07
CubicBezier 1462.8099999999997,43.07 1461.6399999999996,43.16 1460.2699999999998,35.64 1459.2899999999997,30.060000000000002
CubicBezier 1459.2899999999997,30.060000000000002 1458.3099999999997,24.480000000000004 1444.41,-0.94 1421.13,0.04
CubicBezier 1421.13,0.04 1397.8500000000001,1.02 1395.4,5.91 1386.7,18.529999999999998
CubicBezier 1386.7,18.529999999999998 1386.7,18.529999999999998 1384.94,37.019999999999996 1386.02,38.099999999999994
CubicBezier 1386.02,38.099999999999994 1386.02,38.099999999999994 1379.47,31.259999999999994 1376.1399999999999,31.939999999999994
CubicBezier 1376.1399999999999,31.939999999999994 1372.8099999999997,32.61999999999999 1368.02,32.129999999999995 1365.87,43.769999999999996
CubicBezier 1365.87,43.769999999999996 1365.87,43.769999999999996 1362.84,45.629999999999995 1358.04,39.169999999999995
CubicBezier 1358.04,39.169999999999995 1353.24,32.709999999999994 1338.28,25.569999999999993 1332.31,25.569999999999993
CubicBezier 1332.31,25.569999999999993 1326.34,25.569999999999993 1321.84,23.119999999999994 1310.8899999999999,33.489999999999995
CubicBezier 1310.8899999999999,33.489999999999995 1310.8899999999999,33.489999999999995 1307.37,36.62 1306.9799999999998,30.949999999999996
CubicBezier 1306.9799999999998,30.949999999999996 1306.5899999999997,25.279999999999994 1303.45,0.08 1283.49,0.0
CubicBezier 1283.49,0.0 1263.53,-0.08 1255.22,-0.07 1241.42,14.9
CubicBezier 1241.42,14.9 1241.42,14.9 1230.3700000000001,25.37 1230.76,42.39
CubicBezier 1230.76,42.39 1230.76,42.39 1229.29,44.93 1224.69,40.34
CubicBezier 1224.69,40.34 1220.0900000000001,35.75000000000001 1214.91,30.360000000000003 1207.0800000000002,32.510000000000005
CubicBezier 1207.0800000000002,32.510000000000005 1199.2500000000002,34.66000000000001 1196.1200000000001,34.760000000000005 1189.67,47.970000000000006
CubicBezier 1189.67,47.970000000000006 1183.22,61.18000000000001 1175.68,61.760000000000005 1175.68,61.760000000000005
CubicBezier 1175.68,61.760000000000005 1175.68,61.760000000000005 1174.64,62.220000000000006 1175.0600000000002,63.85000000000001
Close 1175.0600000000002,63.85000000000001 1175.07,63.85
