Move 1596.97,342.79 1596.97,342.79
CubicBezier 1596.97,342.79 1596.97,342.79 1617.06,337.31 1626.71,330.27000000000004
CubicBezier 1626.71,330.27000000000004 1636.3600000000001,323.2300000000001 1652.8,323.49000000000007 1658.28,323.49000000000007
CubicBezier 1658.28,323.49000000000007 1663.76,323.49000000000007 1672.8899999999999,326.88000000000005 1677.06,328.7100000000001
CubicBezier 1677.06,328.7100000000001 1681.23,330.54000000000013 1680.45,332.36000000000007 1684.1,331.0600000000001
CubicBezier 1684.1,331.0600000000001 1687.7499999999998,329.76000000000016 1698.4499999999998,315.1500000000001 1700.53,315.9300000000001
CubicBezier 1700.53,315.9300000000001 1702.6100000000001,316.71000000000015 1704.96,307.5800000000001 1722.18,304.4500000000001
CubicBezier 1722.18,304.4500000000001 1739.4,301.3200000000001 1758.18,315.67000000000013 1764.7,321.6700000000001
CubicBezier 1764.7,321.6700000000001 1771.22,327.67 1772.0,326.37000000000006 1772.0,326.37000000000006
CubicBezier 1772.0,326.37000000000006 1772.0,326.37000000000006 1812.17,265.8500000000001 1860.96,260.89000000000004
CubicBezier 1860.96,260.89000000000004 1860.96,260.89000000000004 1896.32,252.02000000000004 1919.99,255.15000000000003
Line 1919.99,255.15000000000003 1919.99,336.02000000000004
Line 1919.99,336.02000000000004 1635.57,340.72
Line 1635.57,340.72 1596.96,342.81
Close 1596.96,342.81 1596.97,342.79
