Move 0.0,193.0 0.0,193.0
CubicBezier 0.0,193.0 0.0,193.0 53.82,190.84 75.56,199.34
CubicBezier 75.56,199.34 97.3,207.84 118.9,214.32 132.87,223.82
CubicBezier 132.87,223.82 146.84,233.32 153.89000000000001,252.04 153.89000000000001,252.04
CubicBezier 153.89000000000001,252.04 153.89000000000001,252.04 159.79000000000002,262.55 171.75,257.21999999999997
CubicBezier 171.75,257.21999999999997 183.70999999999998,251.88999999999993 184.13,247.85999999999996 203.43,248.57999999999998
CubicBezier 203.43,248.57999999999998 222.73000000000002,249.3 255.13,252.60999999999999 276.87,267.29999999999995
CubicBezier 276.87,267.29999999999995 298.61,281.98999999999995 291.27,295.37999999999994 324.68,282.28
CubicBezier 324.68,282.28 358.09000000000003,269.17999999999995 378.39,292.07 383.72,293.51
CubicBezier 383.72,293.51 389.05000000000007,294.95 386.46000000000004,301.0 429.22,305.61
Line 429.22,305.61 0.0,305.61
Line 0.0,305.61 0.0,193.0
Close 0.0,193.0 0.0,193.0
