Move 1596.13,344.29 1596.13,344.29
Line 1596.13,344.29 1920.0,341.94
Line 1920.0,341.94 1920.0,312.59
CubicBezier 1920.0,312.59 1920.0,312.59 1881.39,311.41999999999996 1837.17,316.5
CubicBezier 1837.17,316.5 1792.95,321.58000000000004 1787.8700000000001,332.54 1787.8700000000001,332.54
CubicBezier 1787.8700000000001,332.54 1787.8700000000001,332.54 1785.7800000000002,336.26000000000005 1784.22,336.52000000000004
CubicBezier 1784.22,336.52000000000004 1782.6599999999999,336.78000000000003 1769.94,327.27000000000004 1759.5,328.37000000000006
CubicBezier 1759.5,328.37000000000006 1749.06,329.4700000000001 1730.28,329.4700000000001 1718.28,333.9100000000001
CubicBezier 1718.28,333.9100000000001 1706.28,338.3500000000001 1701.85,339.6500000000001 1696.37,339.6500000000001
CubicBezier 1696.37,339.6500000000001 1690.8899999999999,339.6500000000001 1663.5,335.74000000000007 1656.1999999999998,336.0000000000001
CubicBezier 1656.1999999999998,336.0000000000001 1648.8999999999996,336.26000000000016 1605.4599999999998,341.0900000000001 1596.1299999999999,344.2800000000001
Close 1596.1299999999999,344.2800000000001 1596.13,344.29
