Move 990.7,46.98 990.7,46.98
CubicBezier 990.7,46.98 990.7,46.98 987.1800000000001,47.5 980.13,45.809999999999995
CubicBezier 980.13,45.809999999999995 973.0799999999999,44.11999999999999 946.61,41.769999999999996 940.35,41.89999999999999
CubicBezier 940.35,41.89999999999999 934.09,42.02999999999999 912.96,41.44999999999999 906.7,44.47999999999999
CubicBezier 906.7,44.47999999999999 900.44,47.50999999999999 901.61,48.04999999999999 897.57,47.05999999999999
CubicBezier 897.57,47.05999999999999 893.5300000000001,46.069999999999986 884.5300000000001,43.45999999999999 872.1400000000001,44.69999999999999
CubicBezier 872.1400000000001,44.69999999999999 859.7500000000001,45.93999999999999 856.3600000000001,47.639999999999986 851.4000000000001,47.50999999999999
CubicBezier 851.4000000000001,47.50999999999999 846.44,47.379999999999995 827.9200000000001,46.61999999999999 819.44,47.50999999999999
CubicBezier 819.44,47.50999999999999 810.96,48.39999999999999 785.1400000000001,49.64999999999999 783.96,51.30999999999999
CubicBezier 783.96,51.30999999999999 783.96,51.30999999999999 784.5500000000001,54.639999999999986 795.5,54.04999999999999
CubicBezier 795.5,54.04999999999999 806.4499999999999,53.459999999999994 974.13,52.94999999999999 977.85,52.71999999999999
CubicBezier 977.85,52.71999999999999 981.57,52.489999999999995 1063.15,53.60999999999999 1065.7,54.11999999999999
CubicBezier 1065.7,54.11999999999999 1068.25,54.62999999999999 1067.98,53.78999999999999 1066.8700000000001,53.19999999999999
CubicBezier 1066.8700000000001,53.19999999999999 1065.7600000000002,52.609999999999985 1033.48,45.66999999999999 1028.65,46.05999999999999
CubicBezier 1028.65,46.05999999999999 1023.8200000000002,46.44999999999999 1005.1700000000001,44.62999999999999 991.3500000000001,47.22999999999999
