Move 1378.58,11.32 1378.58,11.32
CubicBezier 1378.58,11.32 1378.58,11.32 1372.78,10.540000000000001 1368.86,11.68
CubicBezier 1368.86,11.68 1364.9399999999998,12.819999999999999 1365.79,15.17 1364.29,15.07
CubicBezier 1364.29,15.07 1362.79,14.97 1350.22,8.81 1334.31,8.940000000000001
CubicBezier 1334.31,8.940000000000001 1318.3999999999999,9.070000000000002 1316.7,8.680000000000001 1310.83,12.010000000000002
CubicBezier 1310.83,12.010000000000002 1310.83,12.010000000000002 1308.55,12.400000000000002 1307.57,10.970000000000002
CubicBezier 1307.57,10.970000000000002 1306.59,9.540000000000003 1300.9199999999998,0.32000000000000206 1292.37,0.7500000000000018
CubicBezier 1292.37,0.7500000000000018 1283.82,1.1800000000000015 1258.59,-2.729999999999998 1244.11,3.990000000000002
CubicBezier 1244.11,3.990000000000002 1244.11,3.990000000000002 1232.31,10.840000000000002 1230.1499999999999,14.030000000000001
CubicBezier 1230.1499999999999,14.030000000000001 1230.1499999999999,14.030000000000001 1229.82,14.750000000000002 1228.9099999999999,14.360000000000001
CubicBezier 1228.9099999999999,14.360000000000001 1227.9999999999998,13.97 1217.6899999999998,10.450000000000001 1208.7599999999998,10.510000000000002
CubicBezier 1208.7599999999998,10.510000000000002 1199.8299999999997,10.570000000000002 1171.9099999999999,20.590000000000003 1176.0399999999997,21.96
CubicBezier 1176.0399999999997,21.96 1176.0399999999997,21.96 1514.7099999999998,23.92 1517.4499999999998,22.16
CubicBezier 1517.4499999999998,22.16 1520.1899999999998,20.4 1507.08,21.77 1496.5199999999998,13.36
CubicBezier 1496.5199999999998,13.36 1496.5199999999998,13.36 1487.5199999999998,9.84 1482.8199999999997,11.01
CubicBezier 1482.8199999999997,11.01 1478.1199999999997,12.18 1466.9399999999996,14.74 1462.0799999999997,14.92
CubicBezier 1462.0799999999997,14.92 1462.0799999999997,14.92 1454.9099999999996,14.79 1451.1899999999996,8.629999999999999
CubicBezier 1451.1899999999996,8.629999999999999 1447.4699999999996,2.469999999999999 1437.0999999999997,1.0999999999999988 1430.9399999999996,1.0999999999999988
CubicBezier 1430.9399999999996,1.0999999999999988 1424.7799999999995,1.0999999999999988 1394.9399999999996,-0.4700000000000013 1391.4199999999996,3.1499999999999986
CubicBezier 1391.4199999999996,3.1499999999999986 1387.8999999999996,6.769999999999999 1386.8199999999997,9.509999999999998 1385.6499999999996,11.37
CubicBezier 1385.6499999999996,11.37 1384.4799999999996,13.23 1381.9199999999996,12.209999999999999 1378.6999999999996,11.37
