Move 1921.05,655.3 1921.05,655.3
CubicBezier 1921.05,655.3 1921.05,655.3 1445.53,653.78 1401.6999999999998,655.3
CubicBezier 1401.6999999999998,655.3 1357.8699999999997,656.8199999999999 1029.1799999999998,655.87 1011.4399999999998,655.3
CubicBezier 1011.4399999999998,655.3 993.6999999999998,654.7299999999999 710.3999999999999,654.9699999999999 697.8699999999999,655.37
CubicBezier 697.8699999999999,655.37 685.3399999999999,655.7700000000001 1.05,645.22 1.05,645.22
Line 1.05,645.22 1.05,687.61
CubicBezier 1.05,687.61 1.05,687.61 89.00999999999999,684.48 93.17999999999999,687.61
CubicBezier 93.17999999999999,687.61 97.35,690.74 104.66,692.3100000000001 108.83,690.74
CubicBezier 108.83,690.74 113.0,689.17 114.57,687.09 122.92,687.09
CubicBezier 122.92,687.09 131.27,687.09 170.4,693.01 185.01,691.36
CubicBezier 185.01,691.36 199.61999999999998,689.71 194.39999999999998,687.62 210.04999999999998,688.14
CubicBezier 210.04999999999998,688.14 225.7,688.66 273.18,688.91 277.34999999999997,691.66
CubicBezier 277.34999999999997,691.66 281.5199999999999,694.41 327.96,695.18 340.99999999999994,691.66
CubicBezier 340.99999999999994,691.66 354.0399999999999,688.14 348.29999999999995,687.1 358.73999999999995,687.1
CubicBezier 358.73999999999995,687.1 369.17999999999995,687.1 382.73999999999995,689.19 395.25999999999993,688.14
CubicBezier 395.25999999999993,688.14 407.7799999999999,687.0899999999999 427.60999999999996,683.97 433.86999999999995,687.62
CubicBezier 433.86999999999995,687.62 440.12999999999994,691.27 449.5199999999999,691.27 458.38999999999993,688.14
CubicBezier 458.38999999999993,688.14 467.25999999999993,685.01 493.3499999999999,685.01 493.3499999999999,685.01
CubicBezier 493.3499999999999,685.01 493.3499999999999,685.01 515.7799999999999,686.58 517.3499999999999,687.62
CubicBezier 517.3499999999999,687.62 518.92,688.66 536.6499999999999,689.71 540.8299999999999,687.1
CubicBezier 540.8299999999999,687.1 545.01,684.49 596.1299999999999,685.01 600.31,689.71
CubicBezier 600.31,689.71 604.49,694.4100000000001 658.88,691.08 658.88,691.08
CubicBezier 658.88,691.08 658.88,691.08 669.64,686.19 687.64,687.36
CubicBezier 687.64,687.36 705.64,688.53 707.21,688.73 713.0699999999999,690.29
CubicBezier 713.0699999999999,690.29 718.9299999999998,691.8499999999999 738.9,691.66 743.79,690.0899999999999
CubicBezier 743.79,690.0899999999999 748.68,688.5199999999999 781.36,688.1299999999999 797.5899999999999,690.4799999999999
CubicBezier 797.5899999999999,690.4799999999999 813.8199999999998,692.8299999999999 815.1999999999999,693.4099999999999 831.05,689.8899999999999
CubicBezier 831.05,689.8899999999999 846.9,686.3699999999999 867.25,688.7199999999999 873.31,690.4799999999999
CubicBezier 873.31,690.4799999999999 879.3699999999999,692.2399999999999 899.14,695.18 913.81,693.9999999999999
CubicBezier 913.81,693.9999999999999 928.4799999999999,692.8199999999998 944.14,686.9499999999999 959.79,687.9299999999998
CubicBezier 959.79,687.9299999999998 975.4399999999999,688.9099999999997 977.79,689.4999999999999 988.55,693.4099999999999
CubicBezier 988.55,693.4099999999999 999.31,697.3199999999998 1014.38,690.2799999999999 1014.38,690.2799999999999
CubicBezier 1014.38,690.2799999999999 1014.38,690.2799999999999 1038.25,686.9499999999998 1052.92,687.9299999999998
CubicBezier 1052.92,687.9299999999998 1067.5900000000001,688.9099999999999 1067.79,687.9299999999998 1079.3300000000002,692.0399999999998
CubicBezier 1079.3300000000002,692.0399999999998 1090.8700000000003,696.1499999999999 1128.8300000000002,689.8899999999999 1128.8300000000002,689.8899999999999
CubicBezier 1128.8300000000002,689.8899999999999 1128.8300000000002,689.8899999999999 1159.3500000000001,688.5199999999999 1175.2,691.2599999999999
CubicBezier 1175.2,691.2599999999999 1191.05,693.9999999999999 1216.0900000000001,690.8699999999999 1218.63,689.4999999999999
CubicBezier 1218.63,689.4999999999999 1221.17,688.1299999999999 1271.46,688.1299999999999 1276.15,690.0899999999999
CubicBezier 1276.15,690.0899999999999 1280.8400000000001,692.05 1289.26,695.18 1302.17,692.4399999999999
CubicBezier 1302.17,692.4399999999999 1315.0800000000002,689.6999999999999 1318.8000000000002,690.29 1328.5800000000002,691.8499999999999
CubicBezier 1328.5800000000002,691.8499999999999 1338.3600000000001,693.4099999999999 1363.2100000000003,690.0899999999999 1364.5800000000002,690.8699999999999
CubicBezier 1364.5800000000002,690.8699999999999 1365.95,691.6499999999999 1387.67,694.1999999999999 1392.3600000000001,691.8499999999999
CubicBezier 1392.3600000000001,691.8499999999999 1397.0500000000002,689.4999999999999 1400.19,688.3299999999999 1409.5800000000002,690.4799999999999
CubicBezier 1409.5800000000002,690.4799999999999 1418.9700000000003,692.6299999999999 1423.67,694.5999999999999 1423.67,694.5999999999999
CubicBezier 1423.67,694.5999999999999 1423.67,694.5999999999999 1454.0,694.5999999999999 1459.47,692.4399999999999
CubicBezier 1459.47,692.4399999999999 1464.94,690.28 1479.6200000000001,694.5999999999999 1479.6200000000001,694.5999999999999
CubicBezier 1479.6200000000001,694.5999999999999 1479.6200000000001,694.5999999999999 1499.7700000000002,696.17 1502.3200000000002,694.5999999999999
CubicBezier 1502.3200000000002,694.5999999999999 1504.8700000000001,693.0299999999999 1506.2300000000002,697.3299999999999 1513.0800000000002,697.7199999999999
CubicBezier 1513.0800000000002,697.7199999999999 1519.93,698.1099999999999 1530.69,698.1099999999999 1532.2500000000002,696.1499999999999
CubicBezier 1532.2500000000002,696.1499999999999 1533.8100000000004,694.1899999999998 1544.9700000000003,693.4099999999999 1544.9700000000003,693.4099999999999
CubicBezier 1544.9700000000003,693.4099999999999 1544.9700000000003,693.4099999999999 1554.1700000000003,694.3899999999999 1560.2300000000002,696.3399999999998
CubicBezier 1560.2300000000002,696.3399999999998 1566.2900000000002,698.2899999999997 1579.9900000000002,694.7699999999998 1579.9900000000002,694.7699999999998
CubicBezier 1579.9900000000002,694.7699999999998 1579.9900000000002,694.7699999999998 1594.6600000000003,691.8399999999998 1597.6000000000001,694.3799999999998
CubicBezier 1597.6000000000001,694.3799999999998 1600.54,696.9199999999997 1622.0600000000002,697.9099999999997 1622.0600000000002,697.9099999999997
Line 1622.0600000000002,697.9099999999997 1660.0200000000002,697.9099999999997
Line 1660.0200000000002,697.9099999999997 1713.4300000000003,695.1599999999997
CubicBezier 1713.4300000000003,695.1599999999997 1713.4300000000003,695.1599999999997 1773.8900000000003,689.8799999999998 1778.0000000000002,692.4199999999997
CubicBezier 1778.0000000000002,692.4199999999997 1782.1100000000001,694.9599999999997 1792.6700000000003,698.8799999999998 1802.0700000000002,698.8799999999998
CubicBezier 1802.0700000000002,698.8799999999998 1811.47,698.8799999999998 1824.7700000000002,691.0499999999997 1827.5000000000002,692.6199999999998
CubicBezier 1827.5000000000002,692.6199999999998 1830.2300000000002,694.1899999999998 1843.9300000000003,694.7699999999998 1845.5000000000002,693.7899999999997
CubicBezier 1845.5000000000002,693.7899999999997 1847.0700000000002,692.8099999999997 1872.3000000000002,690.8599999999998 1877.0000000000002,691.6399999999998
CubicBezier 1877.0000000000002,691.6399999999998 1881.7000000000003,692.4199999999997 1891.2800000000002,689.0999999999998 1896.3700000000001,692.6199999999998
CubicBezier 1896.3700000000001,692.6199999999998 1901.46,696.1399999999998 1912.8000000000002,693.3999999999997 1912.8000000000002,693.3999999999997
Line 1912.8000000000002,693.3999999999997 1921.0400000000002,693.3999999999997
Line 1921.0400000000002,693.3999999999997 1921.0400000000002,655.2899999999997
Close 1921.0400000000002,655.2899999999997 1921.05,655.3
