Move 1375.6,929.4 1375.6,929.4
CubicBezier 1375.6,929.4 1375.9199999999998,928.81 1376.4599999999998,928.4599999999999 1377.05,928.4599999999999
Line 1377.05,928.4599999999999 1434.47,928.4599999999999
CubicBezier 1434.47,928.4599999999999 1434.93,928.4599999999999 1435.3600000000001,928.68 1435.69,929.06
Line 1435.69,929.06 1435.93,929.3499999999999
CubicBezier 1435.93,929.3499999999999 1436.53,930.0699999999999 1436.6100000000001,931.2099999999999 1436.13,932.04
Line 1436.13,932.04 1436.13,932.04
CubicBezier 1436.13,932.04 1435.8000000000002,932.5999999999999 1435.2800000000002,932.9399999999999 1436.0600000000002,932.93
Line 1436.0600000000002,932.93 1378.3500000000001,932.7299999999999
CubicBezier 1378.3500000000001,932.7299999999999 1376.45,932.7299999999999 1375.93,932.4099999999999 1375.6000000000001,931.8699999999999
Line 1375.6000000000001,931.8699999999999 1375.6000000000001,931.8699999999999
CubicBezier 1375.6000000000001,931.8699999999999 1375.18,931.1699999999998 1375.16,930.2199999999999 1375.5600000000002,929.4899999999999
Line 1375.5600000000002,929.4899999999999 1375.6100000000001,929.3999999999999
Close 1375.6100000000001,929.3999999999999 1375.6,929.4
