Move 1377.71,951.01 1377.71,951.01
CubicBezier 1377.71,951.01 1378.01,950.42 1378.51,950.0699999999999 1379.05,950.0699999999999
Line 1379.05,950.0699999999999 1432.46,950.0699999999999
CubicBezier 1432.46,950.0699999999999 1432.88,950.0699999999999 1433.29,950.29 1433.5900000000001,950.67
Line 1433.5900000000001,950.67 1433.8100000000002,950.9599999999999
CubicBezier 1433.8100000000002,950.9599999999999 1434.3700000000001,951.68 1434.4500000000003,952.8199999999999 1433.9900000000002,953.65
Line 1433.9900000000002,953.65 1433.9900000000002,953.65
CubicBezier 1433.9900000000002,953.65 1433.6900000000003,954.2099999999999 1433.1900000000003,954.55 1433.9200000000003,954.54
Line 1433.9200000000003,954.54 1380.2400000000002,954.3399999999999
CubicBezier 1380.2400000000002,954.3399999999999 1378.4700000000003,954.3399999999999 1377.9900000000002,954.0199999999999 1377.6900000000003,953.4799999999999
Line 1377.6900000000003,953.4799999999999 1377.6900000000003,953.4799999999999
CubicBezier 1377.6900000000003,953.4799999999999 1377.3000000000002,952.7799999999999 1377.2800000000002,951.8299999999999 1377.6500000000003,951.0999999999999
Line 1377.6500000000003,951.0999999999999 1377.7000000000003,951.0099999999999
Close 1377.7000000000003,951.0099999999999 1377.71,951.01
