Move 735.3,834.32 735.3,834.32
CubicBezier 735.3,834.32 735.3,834.32 758.6999999999999,826.5500000000001 783.14,830.5200000000001
Line 783.14,830.5200000000001 909.85,921.3800000000001
Line 909.85,921.3800000000001 898.24,928.1200000000001
Line 898.24,928.1200000000001 898.41,939.5200000000001
Line 898.41,939.5200000000001 875.6999999999999,942.4600000000002
Line 875.6999999999999,942.4600000000002 874.66,932.6100000000001
Line 874.66,932.6100000000001 853.6899999999999,934.1600000000001
Line 853.6899999999999,934.1600000000001 854.04,944.8700000000001
Line 854.04,944.8700000000001 828.04,944.1800000000001
Line 828.04,944.1800000000001 828.39,932.95
Line 828.39,932.95 735.31,834.3100000000001
Close 735.31,834.3100000000001 735.3,834.32
