Move 0.0,719.11 0.0,719.11
CubicBezier 0.0,719.11 0.0,719.11 12.96,723.8100000000001 18.18,721.72
CubicBezier 18.18,721.72 23.4,719.63 48.83,719.52 55.48,720.6800000000001
CubicBezier 55.48,720.6800000000001 62.129999999999995,721.8400000000001 98.0,723.4300000000001 101.65,720.6800000000001
CubicBezier 101.65,720.6800000000001 105.30000000000001,717.9300000000001 144.43,717.1600000000001 146.78,720.6800000000001
CubicBezier 146.78,720.6800000000001 149.13,724.2 156.17000000000002,725.24 158.78,724.46
CubicBezier 158.78,724.46 161.39,723.6800000000001 170.0,720.2900000000001 174.95,720.0300000000001
CubicBezier 174.95,720.0300000000001 179.89999999999998,719.7700000000001 225.82,715.07 233.64999999999998,718.33
CubicBezier 233.64999999999998,718.33 241.47999999999996,721.59 284.26,720.0300000000001 288.95,718.72
CubicBezier 288.95,718.72 293.64,717.41 323.90999999999997,723.1600000000001 327.03999999999996,720.94
CubicBezier 327.03999999999996,720.94 330.16999999999996,718.72 337.46999999999997,722.11 361.21,716.11
Line 361.21,716.11 412.34,716.11
CubicBezier 412.34,716.11 412.34,716.11 417.56,718.98 436.08,718.2
Line 436.08,718.2 493.99,718.46
Line 493.99,718.46 538.34,718.72
CubicBezier 538.34,718.72 538.34,718.72 554.77,719.24 560.25,716.11
CubicBezier 560.25,716.11 565.73,712.98 585.55,716.11 585.55,716.11
CubicBezier 585.55,716.11 585.55,716.11 621.55,718.88 636.9399999999999,719.71
CubicBezier 636.9399999999999,719.71 652.3299999999999,720.5400000000001 699.29,718.88 708.68,719.71
CubicBezier 708.68,719.71 718.0699999999999,720.5400000000001 743.9,721.22 750.16,719.71
CubicBezier 750.16,719.71 756.42,718.2 766.86,717.6700000000001 770.51,718.2
CubicBezier 770.51,718.2 774.16,718.73 795.81,719.5 799.73,717.94
CubicBezier 799.73,717.94 803.6500000000001,716.3800000000001 919.99,715.85 919.99,715.85
CubicBezier 919.99,715.85 919.99,715.85 930.95,719.4 946.34,719.71
CubicBezier 946.34,719.71 961.73,720.0200000000001 965.9100000000001,717.4100000000001 969.5600000000001,716.37
CubicBezier 969.5600000000001,716.37 973.21,715.3299999999999 1021.99,715.85 1021.99,715.85
CubicBezier 1021.99,715.85 1021.99,715.85 1036.6,720.1800000000001 1041.03,719.71
CubicBezier 1041.03,719.71 1045.46,719.24 1061.6399999999999,718.98 1068.42,716.63
CubicBezier 1068.42,716.63 1075.2000000000003,714.28 1128.94,715.85 1128.94,715.85
CubicBezier 1128.94,715.85 1128.94,715.85 1165.72,719.4 1172.77,719.71
CubicBezier 1172.77,719.71 1179.82,720.0200000000001 1234.34,717.6700000000001 1241.12,716.37
CubicBezier 1241.12,716.37 1247.8999999999999,715.0699999999999 1324.86,716.37 1324.86,716.37
CubicBezier 1324.86,716.37 1324.86,716.37 1353.82,719.24 1372.34,718.46
CubicBezier 1372.34,718.46 1390.86,717.6800000000001 1462.08,719.71 1462.08,719.71
CubicBezier 1462.08,719.71 1462.08,719.71 1477.73,718.98 1485.3,717.1500000000001
CubicBezier 1485.3,717.1500000000001 1492.87,715.3200000000002 1533.3,717.1500000000001 1533.3,717.1500000000001
CubicBezier 1533.3,717.1500000000001 1533.3,717.1500000000001 1551.04,721.2200000000001 1572.95,719.71
CubicBezier 1572.95,719.71 1594.8600000000001,718.1999999999999 1601.38,719.71 1601.38,719.71
CubicBezier 1601.38,719.71 1601.38,719.71 1619.38,715.33 1625.38,715.85
CubicBezier 1625.38,715.85 1631.38,716.37 1664.5100000000002,717.4200000000001 1664.5100000000002,717.4200000000001
CubicBezier 1664.5100000000002,717.4200000000001 1664.5100000000002,717.4200000000001 1751.1200000000001,724.9900000000001 1776.1600000000003,721.85
CubicBezier 1776.1600000000003,721.85 1801.2000000000005,718.7099999999999 1839.2900000000004,718.62 1852.3300000000004,719.71
CubicBezier 1852.3300000000004,719.71 1865.3700000000003,720.8000000000001 1890.6800000000003,716.63 1894.8500000000004,718.46
CubicBezier 1894.8500000000004,718.46 1899.0200000000004,720.2900000000001 1921.0200000000004,721.07 1921.0200000000004,721.07
Line 1921.0200000000004,721.07 1921.0200000000004,676.76
Line 1921.0200000000004,676.76 1.05,671.37
Line 1.05,671.37 0.0,719.11
Close 0.0,719.11 0.0,719.11
